,Neurceno_343,Jihocesky_80,Jihomoravsky_65,Kralovehradecky_1,Liberecky_63,Moravskoslezsky_255,Olomoucky_240,Pardubicky_10,Plzensky_144,Praha_67,Stredocesky_51,Ustecky_41,Vysocina_17,Zlinsky_16,pocet_0
ORF1a:E3177*, 0,0.275, 0.0153846153846, 1.0, 0.0952380952381, 0,0,0.1, 0.0208333333333, 0.164179104478, 0.0588235294118, 0,0.0588235294118, 0,49, 
ORF1b:N2694K, 0,0.275, 0.0153846153846, 1.0, 0.0952380952381, 0,0.00416666666667, 0.1, 0.0208333333333, 0.194029850746, 0.0588235294118, 0,0.0588235294118, 0,52, 
ORF1a:Y2281D, 0,0.2125, 0.0153846153846, 0,0.0793650793651, 0,0,0,0.0208333333333, 0.179104477612, 0.0392156862745, 0,0.0588235294118, 0,41, 
ORF9b:Q77E, 0.0145772594752, 0,0,0,0,0,0,0.5, 0,0.0746268656716, 0,0.0487804878049, 0,0,17, 
S:P26S, 0.0145772594752, 0,0.153846153846, 0,0,0,0,0.5, 0,0.0746268656716, 0,0.0487804878049, 0.0588235294118, 0.0625, 29, 
ORF3a:S253P, 0.0116618075802, 0,0,0,0,0,0,0.5, 0,0.0746268656716, 0,0.0487804878049, 0,0,16, 
ORF1a:S428R, 0,0,0,0,0,0.00392156862745, 0,0,0.00694444444444, 0.0597014925373, 0.549019607843, 0,0,0,34, 
ORF7a:T120I, 0.148688046647, 0.0125, 0.2, 1.0, 0.365079365079, 0.0235294117647, 0.00833333333333, 0,0.00694444444444, 0.283582089552, 0.0196078431373, 0.0975609756098, 0.176470588235, 0.25, 129, 
ORF7b:M1I, 0,0.0875, 0.123076923077, 0,0,0,0,0,0,0,0.0196078431373, 0,0.0588235294118, 0.0625, 18, 
ORF1a:Y2384*, 0,0.15, 0.0153846153846, 1.0, 0,0,0,0.1, 0.00694444444444, 0.119402985075, 0.0588235294118, 0,0,0,27, 
ORF8:Q27*, 0.810495626822, 0.975, 0.8, 0,0.428571428571, 0.905882352941, 0.941666666667, 0.3, 0.965277777778, 0.388059701493, 0.901960784314, 0.780487804878, 0.705882352941, 0.8125, 1163, 
ORF1a:F3677L, 0.0116618075802, 0,0.138461538462, 0,0,0.282352941176, 0,0.1, 0.111111111111, 0,0,0.0243902439024, 0,0,103, 
ORF1a:F3677-, 0.787172011662, 0.975, 0.184615384615, 0,0.428571428571, 0.596078431373, 0.991666666667, 0.7, 0.861111111111, 0.492537313433, 0.921568627451, 0.80487804878, 0.823529411765, 0.5625, 1044, 
S:N501Y, 0.807580174927, 0.975, 0.753846153846, 0,0.428571428571, 0.956862745098, 0.9875, 0.8, 0.972222222222, 0.492537313433, 0.921568627451, 0.829268292683, 0.764705882353, 0.8125, 1200, 
S:G1251V, 0,0,0.123076923077, 0,0,0.00392156862745, 0,0,0,0,0,0,0.0588235294118, 0.0625, 11, 
ORF1b:A86S, 0,0.0125, 0,0,0,0.00392156862745, 0.00416666666667, 0.1, 0.0138888888889, 0.0149253731343, 0.176470588235, 0,0,0,16, 
ORF7a:T61I, 0.00291545189504, 0.0875, 0.123076923077, 0,0,0.0196078431373, 0.00416666666667, 0,0.00694444444444, 0,0.0196078431373, 0,0.0588235294118, 0,25, 
ORF8:K68*, 0.743440233236, 0.9375, 0.615384615385, 0,0.428571428571, 0.8, 0.9125, 0.3, 0.923611111111, 0.34328358209, 0.843137254902, 0.780487804878, 0.705882352941, 0.8125, 1079, 
ORF1a:T3750I, 0.0145772594752, 0.0125, 0.153846153846, 0,0,0.0078431372549, 0.00833333333333, 0,0,0.089552238806, 0,0,0,0.1875, 29, 
ORF14:G50N, 0.827988338192, 0.9875, 0.846153846154, 0,0.444444444444, 0.937254901961, 0.991666666667, 1.0, 0.993055555556, 0.597014925373, 0.941176470588, 0.90243902439, 0.764705882353, 0.75, 1226, 
ORF14:G50W, 0.157434402332, 0.0125, 0.153846153846, 1.0, 0.555555555556, 0.0156862745098, 0.00833333333333, 0,0,0.328358208955, 0.0196078431373, 0.0975609756098, 0.176470588235, 0.25, 141, 
ORF1a:L642V, 0,0.075, 0.0153846153846, 0,0.0793650793651, 0,0,0.1, 0.0208333333333, 0.134328358209, 0.0392156862745, 0,0.0588235294118, 0,28, 
ORF1a:G3278S, 0.0116618075802, 0.0125, 0.0153846153846, 0,0.015873015873, 0.0196078431373, 0,0.1, 0.0208333333333, 0.10447761194, 0.0196078431373, 0,0.0588235294118, 0,25, 
N:R203K, 0.830903790087, 0.9875, 0.846153846154, 0,0.444444444444, 0.937254901961, 0.991666666667, 1.0, 0.993055555556, 0.597014925373, 0.941176470588, 0.90243902439, 0.764705882353, 0.75, 1227, 
S:G142D, 0.107871720117, 0.0125, 0.123076923077, 1.0, 0.555555555556, 0.0156862745098, 0.00833333333333, 0,0,0.328358208955, 0.0196078431373, 0.0975609756098, 0.176470588235, 0.1875, 121, 
ORF7a:I10T, 0,0.1125, 0,0,0,0,0,0,0,0,0,0,0,0,9, 
N:D377Y, 0.160349854227, 0,0.215384615385, 0,0.555555555556, 0.0196078431373, 0.0166666666667, 0,0,0.328358208955, 0.0196078431373, 0.170731707317, 0.176470588235, 0.25, 150, 
ORF1a:D2136V, 0,0.15, 0,1.0, 0.031746031746, 0,0,0.1, 0.00694444444444, 0.0746268656716, 0,0,0.0588235294118, 0,23, 
S:I794N, 0,0.275, 0.0153846153846, 1.0, 0.0952380952381, 0,0,0.1, 0.0208333333333, 0.194029850746, 0.0588235294118, 0,0.0588235294118, 0,51, 
ORF1a:V3718A, 0.137026239067, 0.0125, 0.184615384615, 0,0.555555555556, 0.0156862745098, 0.00833333333333, 0,0,0.134328358209, 0.0196078431373, 0.0975609756098, 0.117647058824, 0.1875, 120, 
S:S1249F, 0.00291545189504, 0,0.184615384615, 0,0,0.00392156862745, 0,0,0,0,0,0,0.0588235294118, 0.0625, 16, 
S:D979E, 0.0116618075802, 0,0.153846153846, 0,0,0.0078431372549, 0.00833333333333, 0,0,0.044776119403, 0,0,0,0.1875, 24, 
ORF1b:P1000L, 0.157434402332, 0.0125, 0.215384615385, 0,0.539682539683, 0.0156862745098, 0.00833333333333, 0,0.00694444444444, 0.34328358209, 0.0392156862745, 0.0975609756098, 0.235294117647, 0.25, 147, 
ORF1a:L3180R, 0,0.125, 0,1.0, 0.031746031746, 0,0,0,0,0.0746268656716, 0.0196078431373, 0,0,0,19, 
ORF1a:S3256T, 0,0.275, 0.0153846153846, 0,0.0952380952381, 0,0,0.1, 0.0208333333333, 0.164179104478, 0.0588235294118, 0,0.0588235294118, 0,48, 
ORF1a:I453T, 0.104956268222, 0,0,0,0.555555555556, 0.00392156862745, 0,0,0,0.0298507462687, 0.0196078431373, 0.0487804878049, 0.0588235294118, 0,78, 
ORF10:P10A, 0,0.175, 0,1.0, 0.0634920634921, 0,0,0,0,0.0746268656716, 0.0196078431373, 0,0,0,25, 
S:N122K, 0,0.275, 0.0153846153846, 0,0,0,0,0.1, 0.0208333333333, 0.089552238806, 0.0392156862745, 0,0.0588235294118, 0,36, 
S:S98F, 0.0437317784257, 0,0.153846153846, 0,0.015873015873, 0.00392156862745, 0.00416666666667, 0,0,0.044776119403, 0,0,0.0588235294118, 0.0625, 33, 
S:L452R, 0.166180758017, 0.025, 0.230769230769, 1.0, 0.571428571429, 0.0352941176471, 0.00833333333333, 0.1, 0.0277777777778, 0.417910447761, 0.0392156862745, 0.0975609756098, 0.294117647059, 0.25, 170, 
S:E484K, 0.0174927113703, 0.0125, 0.0461538461538, 0,0,0.0392156862745, 0.025, 0.5, 0.0208333333333, 0.179104477612, 0.0392156862745, 0.0487804878049, 0.0588235294118, 0,51, 
S:T19R, 0.157434402332, 0.0125, 0.169230769231, 1.0, 0.555555555556, 0.0156862745098, 0.00833333333333, 0,0,0.313432835821, 0.0196078431373, 0.0975609756098, 0.176470588235, 0.25, 141, 
ORF1a:M4390R, 0,0.2375, 0.0153846153846, 0,0.0952380952381, 0,0,0.1, 0.0208333333333, 0.179104477612, 0.0392156862745, 0,0.0588235294118, 0,45, 
ORF1a:T3255I, 0.0349854227405, 0,0.0769230769231, 0,0,0,0,0,0.00694444444444, 0.149253731343, 0,0,0.117647058824, 0.0625, 31, 
ORF1a:F3183V, 0,0.15, 0.0153846153846, 0,0.0952380952381, 0,0,0,0.0208333333333, 0.164179104478, 0.0392156862745, 0,0.0588235294118, 0,36, 
S:T478K, 0.154518950437, 0.0125, 0.230769230769, 1.0, 0.555555555556, 0.0156862745098, 0.0166666666667, 0,0,0.313432835821, 0.0196078431373, 0.0975609756098, 0.235294117647, 0.25, 147, 
ORF1b:P1675L, 0.0379008746356, 0,0,0,0.285714285714, 0.00392156862745, 0,0,0,0,0,0,0.0588235294118, 0,33, 
S:D253A, 0.0116618075802, 0,0.138461538462, 0,0,0.0078431372549, 0.00833333333333, 0,0,0.044776119403, 0,0,0,0.1875, 23, 
ORF7a:Y75H, 0.0116618075802, 0,0.0923076923077, 0,0,0.0274509803922, 0.0125, 0,0.0138888888889, 0.0298507462687, 0,0.0243902439024, 0.294117647059, 0.3125, 35, 
ORF14:L52H, 0,0.1875, 0,0,0,0,0,0,0.0208333333333, 0.044776119403, 0.0196078431373, 0,0,0,22, 
ORF1a:A3209V, 0.137026239067, 0.0125, 0.215384615385, 0,0.555555555556, 0.0156862745098, 0.00833333333333, 0,0,0.134328358209, 0.0196078431373, 0.0975609756098, 0.117647058824, 0.1875, 122, 
ORF1b:P314L, 0.98833819242, 1.0, 1.0, 1.0, 1.0, 1.0, 1.0, 1.0, 0.958333333333, 1.0, 1.0, 1.0, 1.0, 1.0, 1383, 
ORF1b:G662S, 0.157434402332, 0.0125, 0.246153846154, 1.0, 0.539682539683, 0.0156862745098, 0.00833333333333, 0,0,0.313432835821, 0.0196078431373, 0.0975609756098, 0.235294117647, 0.25, 146, 
ORF8:Y73C, 0.813411078717, 0.975, 0.769230769231, 0,0.428571428571, 0.905882352941, 0.941666666667, 0.3, 0.965277777778, 0.373134328358, 0.901960784314, 0.780487804878, 0.705882352941, 0.8125, 1161, 
S:E1258-, 0,0,0.184615384615, 0,0,0.00392156862745, 0,0,0,0,0,0,0.0588235294118, 0.375, 20, 
S:E1258D, 0,0,0.246153846154, 0,0,0.00392156862745, 0,0,0,0,0,0,0.0588235294118, 0,18, 
ORF1b:P1570L, 0.102040816327, 0,0,0,0.539682539683, 0.0078431372549, 0,0,0,0.0298507462687, 0.0196078431373, 0.0487804878049, 0.0588235294118, 0,77, 
S:D950N, 0.154518950437, 0.0125, 0.215384615385, 1.0, 0.555555555556, 0.0156862745098, 0.00833333333333, 0,0,0.313432835821, 0.0196078431373, 0.0975609756098, 0.235294117647, 0.25, 144, 
S:T716I, 0.813411078717, 0.975, 0.753846153846, 0,0.428571428571, 0.917647058824, 0.991666666667, 0.3, 0.965277777778, 0.373134328358, 0.901960784314, 0.780487804878, 0.705882352941, 0.75, 1174, 
ORF1a:K2200N, 0.104956268222, 0,0,0,0.555555555556, 0.00392156862745, 0,0,0,0.0298507462687, 0.0196078431373, 0.0487804878049, 0.0588235294118, 0,78, 
ORF1b:A1918V, 0.0233236151603, 0,0.0615384615385, 0,0,0,0,0,0,0.164179104478, 0,0,0.117647058824, 0.0625, 26, 
ORF1a:N2451D, 0,0.2625, 0.0153846153846, 1.0, 0.0952380952381, 0,0,0.1, 0.0208333333333, 0.194029850746, 0.0588235294118, 0,0.0588235294118, 0,50, 
ORF1b:A2132V, 0,0,0.153846153846, 0,0,0.0235294117647, 0,0,0,0.0149253731343, 0,0,0,0,17, 
ORF1a:K2511N, 0,0.1375, 0.0307692307692, 1.0, 0.015873015873, 0,0,0,0.0138888888889, 0.0746268656716, 0.0392156862745, 0,0,0,24, 
S:Y144-, 0.778425655977, 0.975, 0.338461538462, 0,0.444444444444, 0.78431372549, 0.991666666667, 0.3, 0.9375, 0.417910447761, 0.901960784314, 0.780487804878, 0.764705882353, 0.75, 1102, 
ORF1a:R2686P, 0,0.25, 0.0153846153846, 1.0, 0.0952380952381, 0,0,0.1, 0.0208333333333, 0.194029850746, 0.0588235294118, 0,0.0588235294118, 0,49, 
ORF1a:A1708D, 0.804664723032, 0.975, 0.738461538462, 0,0.428571428571, 0.921568627451, 0.991666666667, 0.3, 0.972222222222, 0.373134328358, 0.901960784314, 0.780487804878, 0.705882352941, 0.6875, 1171, 
ORF3a:T223I, 0.00583090379009, 0,0.0615384615385, 0,0,0,0,0.5, 0,0.089552238806, 0.0196078431373, 0.0487804878049, 0,0.0625, 21, 
ORF7a:V82A, 0.134110787172, 0.0125, 0.184615384615, 1.0, 0.492063492063, 0.0156862745098, 0.00833333333333, 0,0,0.313432835821, 0.0196078431373, 0.0975609756098, 0.176470588235, 0.25, 130, 
ORF1a:L4391R, 0,0.225, 0.0153846153846, 0,0.0793650793651, 0,0,0.1, 0.0208333333333, 0.164179104478, 0.0392156862745, 0,0.0588235294118, 0,42, 
S:D614G, 1.0, 1.0, 0.984615384615, 1.0, 1.0, 0.996078431373, 1.0, 1.0, 1.0, 1.0, 1.0, 1.0, 1.0, 1.0, 1391, 
ORF1a:D1639N, 0.0116618075802, 0.0125, 0,0,0.015873015873, 0.0196078431373, 0,0.1, 0.0208333333333, 0.119402985075, 0.0196078431373, 0,0.0588235294118, 0,25, 
ORF1a:I2230T, 0.798833819242, 0.975, 0.753846153846, 0,0.428571428571, 0.917647058824, 0.991666666667, 0.3, 0.972222222222, 0.373134328358, 0.901960784314, 0.780487804878, 0.647058823529, 0.6875, 1168, 
ORF1a:S1188L, 0.0145772594752, 0.0125, 0,0,0,0,0.00833333333333, 0.5, 0,0.0746268656716, 0,0.0487804878049, 0,0,20, 
S:A222V, 0.0174927113703, 0.0125, 0.153846153846, 0,0,0.0078431372549, 0.00833333333333, 0,0,0.089552238806, 0,0.0731707317073, 0,0.1875, 33, 
ORF1a:T2648I, 0.0116618075802, 0,0.153846153846, 0,0,0.0078431372549, 0.025, 0,0,0.0597014925373, 0,0,0.0588235294118, 0.25, 31, 
ORF14:E51Q, 0.746355685131, 0.9375, 0.630769230769, 0,0.428571428571, 0.827450980392, 0.9625, 0.3, 0.930555555556, 0.358208955224, 0.803921568627, 0.780487804878, 0.705882352941, 0.6875, 1098, 
ORF1a:T1246I, 0.0116618075802, 0.0125, 0.0153846153846, 0,0.015873015873, 0.0196078431373, 0,0.1, 0.0208333333333, 0.10447761194, 0.0196078431373, 0,0.0588235294118, 0,25, 
ORF1a:H83Q, 0,0.2, 0.0153846153846, 0,0.0634920634921, 0,0,0.1, 0.0208333333333, 0.194029850746, 0.0196078431373, 0,0.0588235294118, 0,40, 
S:V1176F, 0.0145772594752, 0,0,0,0,0,0,0.5, 0,0.0746268656716, 0,0.0487804878049, 0,0,17, 
ORF7a:*122L, 0,0.0875, 0.123076923077, 0,0,0,0,0,0,0,0.0196078431373, 0,0.0588235294118, 0.0625, 18, 
S:R158G, 0.110787172012, 0.0125, 0.0153846153846, 1.0, 0.555555555556, 0.0078431372549, 0.00833333333333, 0,0,0.313432835821, 0.0196078431373, 0.0975609756098, 0.117647058824, 0,108, 
N:G204R, 0.0816326530612, 0.05, 0.215384615385, 0,0.015873015873, 0.113725490196, 0.0291666666667, 0.7, 0.0625, 0.238805970149, 0.137254901961, 0.121951219512, 0.0588235294118, 0.0625, 129, 
N:G204P, 0.749271137026, 0.9375, 0.630769230769, 0,0.428571428571, 0.827450980392, 0.9625, 0.3, 0.930555555556, 0.34328358209, 0.803921568627, 0.780487804878, 0.705882352941, 0.6875, 1098, 
ORF1a:P1010L, 0.0116618075802, 0,0.184615384615, 0,0,0.0078431372549, 0.00833333333333, 0,0,0.044776119403, 0,0,0.0588235294118, 0.1875, 27, 
S:T791K, 0,0.275, 0.0153846153846, 1.0, 0.0952380952381, 0,0,0.1, 0.0208333333333, 0.194029850746, 0.0588235294118, 0,0.0588235294118, 0,51, 
ORF8:E92K, 0.0145772594752, 0,0,0,0,0,0,0.5, 0,0.089552238806, 0,0.0487804878049, 0,0,18, 
ORF1a:E632V, 0,0.2125, 0,1.0, 0.0793650793651, 0,0,0.1, 0.0138888888889, 0.149253731343, 0.0588235294118, 0,0.0588235294118, 0,40, 
S:K417T, 0.0145772594752, 0,0,0,0,0,0,0.5, 0,0.089552238806, 0,0.0487804878049, 0,0,18, 
ORF3a:V29F, 0.00583090379009, 0,0,0,0,0,0,0.5, 0,0.0597014925373, 0,0.0487804878049, 0,0,13, 
S:D1118H, 0.813411078717, 0.975, 0.769230769231, 0,0.428571428571, 0.917647058824, 0.991666666667, 0.3, 0.972222222222, 0.388059701493, 0.901960784314, 0.780487804878, 0.705882352941, 0.75, 1177, 
ORF1a:A2388S, 0,0.1875, 0,0,0.0634920634921, 0,0,0.1, 0.0208333333333, 0.149253731343, 0.0588235294118, 0,0,0,36, 
S:E156-, 0.110787172012, 0.0125, 0.0153846153846, 1.0, 0.555555555556, 0.0078431372549, 0.00833333333333, 0,0,0.34328358209, 0.0392156862745, 0.0975609756098, 0.117647058824, 0,111, 
ORF1a:T3646A, 0.0233236151603, 0,0.0615384615385, 0,0,0,0,0,0,0.194029850746, 0,0,0.117647058824, 0.0625, 28, 
S:C1254*, 0,0,0.538461538462, 0,0,0.00392156862745, 0,0,0,0,0,0,0.117647058824, 0.3125, 43, 
ORF7b:T40I, 0.0233236151603, 0,0.0769230769231, 1.0, 0,0,0,0,0,0.179104477612, 0,0,0.117647058824, 0.0625, 29, 
S:C1254L, 0,0,0.107692307692, 0,0,0.00392156862745, 0,0,0,0,0,0,0.0588235294118, 0.0625, 10, 
ORF1b:L860F, 0.00291545189504, 0.175, 0,0,0,0,0,0,0,0,0,0,0,0,15, 
S:V70-, 0.798833819242, 0.9875, 0.153846153846, 0,0.444444444444, 0.776470588235, 0.991666666667, 0.4, 0.972222222222, 0.522388059701, 0.941176470588, 0.780487804878, 0.764705882353, 0.625, 1109, 
S:Q677H, 0.0233236151603, 0.0125, 0.0307692307692, 0,0.015873015873, 0.0196078431373, 0,0.1, 0.0208333333333, 0.134328358209, 0.0196078431373, 0,0.0588235294118, 0,32, 
ORF1b:Q1441H, 0.102040816327, 0,0,0,0.539682539683, 0.00392156862745, 0,0,0,0.0298507462687, 0.0196078431373, 0.0487804878049, 0.0588235294118, 0,76, 
S:P681R, 0.154518950437, 0.0125, 0.215384615385, 1.0, 0.555555555556, 0.0156862745098, 0.00833333333333, 0,0,0.328358208955, 0.0196078431373, 0.0975609756098, 0.176470588235, 0.25, 144, 
S:P681H, 0.810495626822, 0.7125, 0.753846153846, 0,0.428571428571, 0.917647058824, 0.991666666667, 0.4, 0.951388888889, 0.34328358209, 0.882352941176, 0.780487804878, 0.705882352941, 0.75, 1148, 
S:T1027I, 0.0145772594752, 0,0,0,0,0,0,0.5, 0,0.10447761194, 0.0196078431373, 0.0487804878049, 0,0,20, 
ORF1a:G1965C, 0,0.275, 0.0153846153846, 1.0, 0.0952380952381, 0,0,0.1, 0.0208333333333, 0.194029850746, 0.0588235294118, 0,0.0588235294118, 0,51, 
N:D63G, 0.154518950437, 0.0125, 0.2, 0,0.555555555556, 0.0156862745098, 0.00833333333333, 0,0,0.313432835821, 0.0196078431373, 0.0975609756098, 0.235294117647, 0.25, 142, 
ORF1a:A1306S, 0.0233236151603, 0,0.0615384615385, 1.0, 0,0,0,0,0,0.179104477612, 0,0,0.117647058824, 0.0625, 28, 
ORF1a:K1795Q, 0.0116618075802, 0,0,0,0,0,0,0.5, 0,0.089552238806, 0,0.0487804878049, 0,0,17, 
M:I82T, 0.166180758017, 0.025, 0.307692307692, 1.0, 0.571428571429, 0.0352941176471, 0.00833333333333, 0.1, 0.00694444444444, 0.44776119403, 0.0588235294118, 0.0975609756098, 0.294117647059, 0.25, 175, 
ORF1b:T1404M, 0,0.175, 0,0,0,0.0196078431373, 0,0,0.00694444444444, 0,0,0,0,0,20, 
ORF9b:T60A, 0.148688046647, 0.0125, 0.2, 0,0.555555555556, 0.0156862745098, 0.00833333333333, 0,0,0.313432835821, 0.0196078431373, 0.0975609756098, 0.235294117647, 0.25, 140, 
S:D138H, 0,0.025, 0.153846153846, 0,0,0.0078431372549, 0,0,0,0,0,0,0,0,14, 
S:D138Y, 0.0145772594752, 0,0.153846153846, 0,0,0,0,0.5, 0,0.0746268656716, 0.0196078431373, 0.121951219512, 0.0588235294118, 0.1875, 35, 
N:S235F, 0.810495626822, 0.9875, 0.8, 0,0.428571428571, 0.917647058824, 0.991666666667, 0.3, 0.972222222222, 0.373134328358, 0.901960784314, 0.780487804878, 0.705882352941, 0.8125, 1179, 
N:G215C, 0.0204081632653, 0,0.0615384615385, 0,0,0,0,0,0,0.179104477612, 0,0,0.117647058824, 0.0625, 26, 
ORF7a:G38A, 0.0320699708455, 0,0,0,0,0,0,0,0.125, 0,0,0,0,0,29, 
ORF1b:L460Q, 0,0.25, 0.0153846153846, 0,0.0793650793651, 0,0.00416666666667, 0.1, 0.0208333333333, 0.149253731343, 0.0392156862745, 0,0.0588235294118, 0,44, 
N:N8D, 0,0,0.169230769231, 0,0,0.00392156862745, 0,0,0,0,0,0,0,0,12, 
S:F157-, 0.110787172012, 0.0125, 0.0153846153846, 1.0, 0.555555555556, 0.0078431372549, 0.00833333333333, 0,0,0.34328358209, 0.0392156862745, 0.0975609756098, 0.117647058824, 0,111, 
ORF1a:R3542C, 0.0583090379009, 0,0,0,0.253968253968, 0,0,0,0,0.0298507462687, 0,0,0,0,38, 
ORF1a:A541V, 0,0,0.0307692307692, 0,0,0.0078431372549, 0.1125, 0,0,0,0,0,0,0,31, 
ORF1a:N2449K, 0,0.275, 0.0153846153846, 1.0, 0.0952380952381, 0,0,0.1, 0.0208333333333, 0.194029850746, 0.0588235294118, 0,0.0588235294118, 0,51, 
M:V66L, 0.0524781341108, 0,0,0,0.015873015873, 0,0.00416666666667, 0,0,0,0.0980392156863, 0.121951219512, 0,0,30, 
N:D3L, 0.804664723032, 0.975, 0.784615384615, 0,0.428571428571, 0.921568627451, 0.991666666667, 0.3, 0.972222222222, 0.373134328358, 0.901960784314, 0.780487804878, 0.705882352941, 0.8125, 1176, 
ORF1b:E2072V, 0,0.05, 0,1.0, 0.0634920634921, 0,0,0.1, 0.0138888888889, 0.119402985075, 0.0392156862745, 0,0.0588235294118, 0,23, 
S:K1255N, 0,0,0.538461538462, 0,0,0.00392156862745, 0,0,0,0,0,0,0.0588235294118, 0.1875, 40, 
ORF1a:L730F, 0.00291545189504, 0,0.123076923077, 0,0,0.0078431372549, 0,0,0,0,0,0,0,0,11, 
S:T95I, 0.0437317784257, 0,0.0769230769231, 0,0,0.0078431372549, 0,0,0.00694444444444, 0.119402985075, 0,0.0243902439024, 0.117647058824, 0.1875, 37, 
ORF1a:P309L, 0.116618075802, 0,0,0,0.539682539683, 0.00392156862745, 0.00416666666667, 0,0.00694444444444, 0.044776119403, 0.0196078431373, 0.0731707317073, 0.0588235294118, 0,85, 
ORF8:F120-, 0.125364431487, 0.0125, 0.0615384615385, 1.0, 0.555555555556, 0.0117647058824, 0.00833333333333, 0,0,0.313432835821, 0.0196078431373, 0.0975609756098, 0.176470588235, 0.125, 120, 
ORF1a:P2046L, 0.0233236151603, 0,0.0769230769231, 1.0, 0,0,0,0,0,0.179104477612, 0,0,0.117647058824, 0.0625, 29, 
S:A570D, 0.813411078717, 0.9625, 0.769230769231, 0,0.428571428571, 0.913725490196, 0.991666666667, 0.3, 0.972222222222, 0.388059701493, 0.901960784314, 0.780487804878, 0.705882352941, 0.75, 1175, 
ORF1a:R287M, 0,0.1875, 0,0,0,0,0,0,0,0,0,0,0,0,15, 
ORF1a:P1640L, 0.134110787172, 0.0125, 0.107692307692, 0,0.555555555556, 0.0196078431373, 0.00833333333333, 0,0,0.134328358209, 0.0196078431373, 0.0975609756098, 0.0588235294118, 0.1875, 114, 
S:H655Y, 0.0145772594752, 0,0,0,0,0,0,0.4, 0,0.089552238806, 0,0.0487804878049, 0,0,17, 
S:R190S, 0.0145772594752, 0,0,0,0,0,0,0.5, 0,0.089552238806, 0,0.0487804878049, 0,0,18, 
ORF1a:F1960L, 0,0.25, 0.0153846153846, 0,0.0952380952381, 0,0,0.1, 0.0208333333333, 0.194029850746, 0.0588235294118, 0,0.0588235294118, 0,48, 
ORF1a:V2930L, 0.00874635568513, 0,0.0615384615385, 0,0,0,0,0,0,0.164179104478, 0,0,0.117647058824, 0.0625, 21, 
ORF3a:I118M, 0.00291545189504, 0,0,0,0,0,0,0.5, 0,0.0597014925373, 0,0.0487804878049, 0,0,12, 
ORF1a:T1001I, 0.804664723032, 0.975, 0.753846153846, 0,0.428571428571, 0.917647058824, 0.991666666667, 0.3, 0.972222222222, 0.373134328358, 0.901960784314, 0.780487804878, 0.705882352941, 0.6875, 1171, 
ORF1a:G3676-, 0.787172011662, 0.975, 0.184615384615, 0,0.428571428571, 0.596078431373, 0.991666666667, 0.7, 0.861111111111, 0.492537313433, 0.921568627451, 0.80487804878, 0.823529411765, 0.5625, 1044, 
N:P80R, 0.0145772594752, 0,0,0,0,0,0,0.5, 0,0.0746268656716, 0,0.0487804878049, 0,0,17, 
S:H69-, 0.798833819242, 0.9875, 0.153846153846, 0,0.444444444444, 0.780392156863, 0.991666666667, 0.4, 0.972222222222, 0.522388059701, 0.941176470588, 0.780487804878, 0.764705882353, 0.625, 1110, 
ORF3a:S26L, 0.154518950437, 0,0.2, 1.0, 0.539682539683, 0.0156862745098, 0.00833333333333, 0,0,0.313432835821, 0.0196078431373, 0.0975609756098, 0.235294117647, 0.25, 141, 
N:R203M, 0.157434402332, 0.0125, 0.153846153846, 1.0, 0.555555555556, 0.0156862745098, 0.00833333333333, 0,0,0.328358208955, 0.0196078431373, 0.0975609756098, 0.176470588235, 0.25, 141, 
ORF3a:G172C, 0.0174927113703, 0,0,0,0,0,0.00833333333333, 0,0.0138888888889, 0.0149253731343, 0,0.121951219512, 0,0.0625, 17, 
ORF7b:L32F, 0,0.0875, 0.107692307692, 0,0,0.00392156862745, 0,0,0,0,0.0196078431373, 0,0.0588235294118, 0,17, 
ORF1a:S2695G, 0,0.225, 0.0153846153846, 1.0, 0.0952380952381, 0,0,0.1, 0.0138888888889, 0.194029850746, 0.0588235294118, 0,0.0588235294118, 0,46, 
ORF10:Q29*, 0.00291545189504, 0,0,0,0,0.00392156862745, 0,0.5, 0,0.0597014925373, 0,0.0487804878049, 0,0,13, 
S:-1260H, 0,0,0.230769230769, 0,0,0.00392156862745, 0,0,0,0,0,0,0.0588235294118, 0.375, 23, 
ORF1a:C2282S, 0,0.1875, 0.0153846153846, 0,0.0793650793651, 0,0,0.1, 0.0138888888889, 0.194029850746, 0.0392156862745, 0,0,0,39, 
ORF8:D119-, 0.125364431487, 0.0125, 0.0615384615385, 1.0, 0.555555555556, 0.0117647058824, 0.00833333333333, 0,0,0.313432835821, 0.0196078431373, 0.0975609756098, 0.176470588235, 0.125, 120, 
S:L18F, 0.0145772594752, 0,0.184615384615, 0,0,0.043137254902, 0.00416666666667, 0.6, 0.00694444444444, 0.0746268656716, 0,0.0487804878049, 0.117647058824, 0.0625, 46, 
ORF1a:M2374I, 0,0.275, 0.0153846153846, 1.0, 0.0952380952381, 0,0,0.1, 0.0208333333333, 0.194029850746, 0.0588235294118, 0,0.0588235294118, 0,51, 
ORF8:R52I, 0.705539358601, 0.975, 0.6, 0,0.428571428571, 0.905882352941, 0.941666666667, 0.3, 0.965277777778, 0.402985074627, 0.901960784314, 0.780487804878, 0.647058823529, 0.6875, 1112, 
ORF1a:S3675-, 0.787172011662, 0.975, 0.184615384615, 0,0.428571428571, 0.596078431373, 0.991666666667, 0.7, 0.861111111111, 0.492537313433, 0.921568627451, 0.80487804878, 0.823529411765, 0.5625, 1044, 
S:S982A, 0.813411078717, 0.9875, 0.769230769231, 0,0.428571428571, 0.913725490196, 0.991666666667, 0.3, 0.972222222222, 0.388059701493, 0.901960784314, 0.780487804878, 0.705882352941, 0.75, 1177, 
S:T20N, 0.0145772594752, 0,0.153846153846, 0,0,0,0,0.5, 0,0.0746268656716, 0,0.0487804878049, 0.0588235294118, 0.0625, 29, 
ORF1a:P2287S, 0.0349854227405, 0.0125, 0.0769230769231, 0,0.015873015873, 0.0196078431373, 0,0.1, 0.0208333333333, 0.268656716418, 0.0196078431373, 0,0.176470588235, 0.0625, 51, 
ORF1b:E1264D, 0.0145772594752, 0,0,0,0,0,0,0.5, 0,0.089552238806, 0,0.0487804878049, 0,0,18, 
ORF14:V49L, 0.0145772594752, 0,0,0,0,0,0,0.5, 0,0.0746268656716, 0,0.0487804878049, 0,0,17, 
other, 3.08163265306, 3.1625, 5.38461538462, 4.0, 1.36507936508, 4.09803921569, 3.30416666667, 5.0, 3.625, 5.77611940299, 4.29411764706, 2.78048780488, 4.41176470588, 2.9375, 
