,Hlavni mesto Praha_633,Jihomoravsky kraj_161,Karlovarsky kraj_262,Liberecky kraj_92,Kraj Vysocina_30,_1175,Zlinsky kraj_4,Ustecky kraj_31,Pardubicky kraj_27,Jihocesky kraj_113,Kralovehradecky kraj_699,Moravskoslezsky kraj_105,Olomoucky kraj_236,Plzensky kraj_336,Stredocesky kraj_265
ORF7a:T120I, 0.0110584518167, 0,0,0,0,0,0,0,0,0,0,0,0,0,0,
ORF14:E56*, 0.0189573459716, 0.0869565217391, 0.0152671755725, 0,0.0666666666667, 0.0187234042553, 0.25, 0.0967741935484, 0,0.0884955752212, 0.0128755364807, 0.0761904761905, 0.0127118644068, 0.00892857142857, 0.00377358490566, 
ORF8:Q27*, 0.791469194313, 0.459627329193, 0.881679389313, 0.771739130435, 0.666666666667, 0.807659574468, 0.25, 0.741935483871, 0.962962962963, 0.699115044248, 0.721030042918, 0.790476190476, 0.851694915254, 0.776785714286, 0.871698113208, 
ORF1a:F3677-, 0.804107424961, 0.304347826087, 0.889312977099, 0.902173913043, 0.633333333333, 0.813617021277, 0.25, 0.741935483871, 0.962962962963, 0.70796460177, 0.716738197425, 0.780952380952, 0.940677966102, 0.782738095238, 0.879245283019, 
N:T205I, 0.0221169036335, 0.0124223602484, 0.00381679389313, 0.130434782609, 0.0666666666667, 0.0144680851064, 0,0,0,0.00884955752212, 0.0157367668097, 0,0.0593220338983, 0.0357142857143, 0.0188679245283, 
S:N501Y, 0.793048973144, 0.44099378882, 0.889312977099, 0.847826086957, 0.633333333333, 0.771063829787, 0.25, 0.741935483871, 0.962962962963, 0.70796460177, 0.723891273247, 0.761904761905, 0.932203389831, 0.78869047619, 0.803773584906, 
ORF8:K68*, 0.75355450237, 0.422360248447, 0.843511450382, 0.739130434783, 0.633333333333, 0.747234042553, 0.25, 0.741935483871, 0.777777777778, 0.646017699115, 0.705293276109, 0.72380952381, 0.813559322034, 0.752976190476, 0.833962264151, 
ORF1b:P1000L, 0.00789889415482, 0,0,0,0,0,0,0,0,0,0,0,0,0,0,
ORF3a:Q57H, 0.0157977883096, 0.0310559006211, 0.0229007633588, 0.141304347826, 0,0.0246808510638, 0.25, 0,0,0.0442477876106, 0.0243204577969, 0.0190476190476, 0.0635593220339, 0.00595238095238, 0.011320754717, 
S:T19R, 0.00789889415482, 0,0,0,0,0,0,0,0,0,0,0,0,0,0,
N:R209I, 0.0189573459716, 0.0869565217391, 0.0152671755725, 0,0.0666666666667, 0.0178723404255, 0.25, 0.0967741935484, 0,0.0884955752212, 0.0114449213162, 0.0666666666667, 0.0127118644068, 0.00595238095238, 0.00377358490566, 
S:T478K, 0.00789889415482, 0,0,0,0,0,0,0,0,0,0,0,0.00423728813559, 0,0,
S:E156-, 0.00789889415482, 0,0,0,0,0,0,0,0,0,0,0,0,0,0,
ORF7a:Y75H, 0.00473933649289, 0.0993788819876, 0.00763358778626, 0.0326086956522, 0.0666666666667, 0.0127659574468, 0.25, 0.0322580645161, 0,0.00884955752212, 0.0143061516452, 0,0.0169491525424, 0.00297619047619, 0,
S:N439K, 0.124802527646, 0.304347826087, 0.0648854961832, 0.054347826087, 0.366666666667, 0.0987234042553, 0.25, 0.0967741935484, 0.037037037037, 0.221238938053, 0.174535050072, 0.171428571429, 0.0466101694915, 0.178571428571, 0.0943396226415, 
ORF14:L52F, 0.0221169036335, 0.0186335403727, 0.00381679389313, 0.130434782609, 0.0666666666667, 0.0136170212766, 0,0,0,0.00884955752212, 0.0157367668097, 0,0.0593220338983, 0.0357142857143, 0.0188679245283, 
S:S982A, 0.794628751975, 0.416149068323, 0.885496183206, 0.717391304348, 0.633333333333, 0.805106382979, 0.25, 0.741935483871, 0.962962962963, 0.699115044248, 0.719599427754, 0.761904761905, 0.877118644068, 0.782738095238, 0.883018867925, 
ORF1b:P314L, 0.990521327014, 0.975155279503, 1.0, 0.989130434783, 1.0, 0.954893617021, 1.0, 1.0, 1.0, 1.0, 0.998569384835, 1.0, 0.978813559322, 0.997023809524, 0.932075471698, 
ORF1b:G662S, 0.00789889415482, 0,0,0,0,0,0,0,0,0,0,0,0,0,0,
S:H69-, 0.921011058452, 0.708074534161, 0.946564885496, 0.771739130435, 1.0, 0.906382978723, 0.5, 0.838709677419, 1.0, 0.920353982301, 0.898426323319, 0.933333333333, 0.927966101695, 0.946428571429, 0.977358490566, 
ORF1b:V711I, 0.123222748815, 0.27950310559, 0.0610687022901, 0.054347826087, 0.333333333333, 0.0978723404255, 0.25, 0.0967741935484, 0.037037037037, 0.221238938053, 0.171673819742, 0.161904761905, 0.0466101694915, 0.16369047619, 0.0943396226415, 
ORF1b:I2509V, 0.0189573459716, 0.0931677018634, 0.0152671755725, 0,0.0666666666667, 0.0187234042553, 0.25, 0,0,0.0884955752212, 0.0200286123033, 0.0761904761905, 0.0127118644068, 0.00892857142857, 0.00377358490566, 
ORF8:Y73C, 0.791469194313, 0.453416149068, 0.881679389313, 0.771739130435, 0.666666666667, 0.804255319149, 0.25, 0.741935483871, 0.962962962963, 0.699115044248, 0.71530758226, 0.771428571429, 0.851694915254, 0.776785714286, 0.871698113208, 
S:D950N, 0.00789889415482, 0,0,0,0,0,0,0,0,0,0,0,0,0,0,
ORF1a:A1708D, 0.791469194313, 0.416149068323, 0.885496183206, 0.771739130435, 0.633333333333, 0.805957446809, 0.25, 0.741935483871, 0.962962962963, 0.699115044248, 0.71530758226, 0.761904761905, 0.881355932203, 0.776785714286, 0.875471698113, 
ORF7a:V82A, 0.00315955766193, 0,0,0,0,0,0,0,0,0,0,0,0,0,0.00377358490566, 
ORF8:R52I, 0.733017377567, 0.385093167702, 0.881679389313, 0.771739130435, 0.666666666667, 0.795744680851, 0.25, 0.741935483871, 0.962962962963, 0.699115044248, 0.721030042918, 0.790476190476, 0.843220338983, 0.776785714286, 0.867924528302, 
ORF1a:M4241I, 0.126382306477, 0.27950310559, 0.0610687022901, 0.054347826087, 0.333333333333, 0.0978723404255, 0.25, 0.0967741935484, 0.037037037037, 0.221238938053, 0.173104434907, 0.161904761905, 0.0466101694915, 0.16369047619, 0.0943396226415, 
ORF1a:L3591F, 0.0157977883096, 0.0931677018634, 0.0152671755725, 0,0.0666666666667, 0.0170212765957, 0.25, 0,0,0.070796460177, 0.0171673819742, 0.0761904761905, 0.0127118644068, 0,0.011320754717, 
S:D614G, 0.998420221169, 0.987577639752, 1.0, 0.934782608696, 1.0, 0.993191489362, 1.0, 1.0, 1.0, 1.0, 1.0, 1.0, 0.995762711864, 1.0, 1.0, 
S:A570D, 0.77093206951, 0.422360248447, 0.885496183206, 0.717391304348, 0.633333333333, 0.791489361702, 0.25, 0.741935483871, 0.962962962963, 0.699115044248, 0.716738197425, 0.761904761905, 0.877118644068, 0.782738095238, 0.750943396226, 
ORF14:G50N, 0.808846761453, 0.515527950311, 0.858778625954, 0.79347826087, 0.566666666667, 0.833191489362, 0.25, 0.838709677419, 0.962962962963, 0.699115044248, 0.729613733906, 0.790476190476, 0.881355932203, 0.791666666667, 0.883018867925, 
S:L452R, 0.0126382306477, 0.00621118012422, 0,0,0,0.000851063829787, 0,0,0,0,0.00143061516452, 0,0,0.00297619047619, 0.00377358490566, 
ORF14:E51Q, 0.750394944708, 0.409937888199, 0.790076335878, 0.75, 0.6, 0.765957446809, 0.25, 0.677419354839, 0.925925925926, 0.637168141593, 0.692417739628, 0.67619047619, 0.830508474576, 0.758928571429, 0.833962264151, 
N:G204R, 0.0600315955766, 0.0621118012422, 0.0152671755725, 0.0326086956522, 0,0.0655319148936, 0,0.161290322581, 0.037037037037, 0.0619469026549, 0.0243204577969, 0.0952380952381, 0.0508474576271, 0.0327380952381, 0.0490566037736, 
S:D1118H, 0.796208530806, 0.44099378882, 0.885496183206, 0.717391304348, 0.633333333333, 0.805957446809, 0.25, 0.741935483871, 0.962962962963, 0.699115044248, 0.716738197425, 0.761904761905, 0.881355932203, 0.782738095238, 0.883018867925, 
S:E484K, 0.0142180094787, 0.0310559006211, 0.00381679389313, 0.141304347826, 0,0.0110638297872, 0,0.0645161290323, 0.037037037037, 0.00884955752212, 0.00572246065808, 0.0190476190476, 0.0593220338983, 0.00595238095238, 0.00754716981132, 
S:T716I, 0.794628751975, 0.416149068323, 0.885496183206, 0.717391304348, 0.633333333333, 0.804255319149, 0.25, 0.741935483871, 0.962962962963, 0.699115044248, 0.716738197425, 0.761904761905, 0.877118644068, 0.782738095238, 0.883018867925, 
S:P681R, 0.0126382306477, 0,0,0,0,0,0,0,0,0,0,0,0,0,0.00377358490566, 
S:V70-, 0.921011058452, 0.708074534161, 0.946564885496, 0.771739130435, 1.0, 0.905531914894, 0.5, 0.838709677419, 1.0, 0.920353982301, 0.898426323319, 0.933333333333, 0.927966101695, 0.946428571429, 0.977358490566, 
ORF1a:S3675-, 0.804107424961, 0.304347826087, 0.889312977099, 0.902173913043, 0.633333333333, 0.813617021277, 0.25, 0.741935483871, 0.962962962963, 0.70796460177, 0.716738197425, 0.780952380952, 0.940677966102, 0.782738095238, 0.879245283019, 
N:D63G, 0.00473933649289, 0,0,0,0,0,0,0,0,0,0,0,0,0,0,
M:I82T, 0.0110584518167, 0,0,0,0,0,0,0,0,0,0,0.0190476190476, 0,0,0,
N:S235F, 0.731437598736, 0.453416149068, 0.450381679389, 0.760869565217, 0.4, 0.792340425532, 0.25, 0.677419354839, 0.777777777778, 0.699115044248, 0.592274678112, 0.733333333333, 0.872881355932, 0.755952380952, 0.82641509434, 
S:F157-, 0.00789889415482, 0,0,0,0,0,0,0,0,0,0,0,0,0,0,
ORF1a:I2501T, 0.124802527646, 0.304347826087, 0.0648854961832, 0.054347826087, 0.333333333333, 0.0995744680851, 0.25, 0.0967741935484, 0.037037037037, 0.221238938053, 0.175965665236, 0.161904761905, 0.0466101694915, 0.178571428571, 0.0943396226415, 
N:D3L, 0.731437598736, 0.44099378882, 0.450381679389, 0.771739130435, 0.4, 0.795744680851, 0.25, 0.677419354839, 0.814814814815, 0.699115044248, 0.596566523605, 0.733333333333, 0.877118644068, 0.755952380952, 0.830188679245, 
ORF8:F120-, 0.00789889415482, 0,0,0,0,0,0,0,0,0,0,0,0,0,0,
ORF1b:H1213Y, 0.123222748815, 0.304347826087, 0.0648854961832, 0.054347826087, 0.333333333333, 0.0970212765957, 0.25, 0.0967741935484, 0.037037037037, 0.221238938053, 0.173104434907, 0.161904761905, 0.0466101694915, 0.178571428571, 0.0943396226415, 
ORF1a:I2230T, 0.791469194313, 0.428571428571, 0.885496183206, 0.771739130435, 0.633333333333, 0.803404255319, 0.25, 0.741935483871, 0.962962962963, 0.699115044248, 0.713876967096, 0.8, 0.877118644068, 0.770833333333, 0.875471698113, 
ORF1a:T1001I, 0.793048973144, 0.422360248447, 0.885496183206, 0.771739130435, 0.633333333333, 0.807659574468, 0.25, 0.741935483871, 0.962962962963, 0.699115044248, 0.713876967096, 0.761904761905, 0.881355932203, 0.767857142857, 0.875471698113, 
S:P681H, 0.796208530806, 0.434782608696, 0.885496183206, 0.717391304348, 0.633333333333, 0.810212765957, 0.25, 0.741935483871, 0.962962962963, 0.699115044248, 0.723891273247, 0.780952380952, 0.881355932203, 0.78869047619, 0.883018867925, 
ORF1a:G3676-, 0.804107424961, 0.304347826087, 0.889312977099, 0.902173913043, 0.633333333333, 0.813617021277, 0.25, 0.741935483871, 0.962962962963, 0.70796460177, 0.716738197425, 0.780952380952, 0.940677966102, 0.782738095238, 0.879245283019, 
ORF3a:S26L, 0.0157977883096, 0,0,0,0,0,0,0,0,0,0,0,0,0,0.00377358490566, 
ORF1b:A1521S, 0.123222748815, 0.27950310559, 0.0610687022901, 0.054347826087, 0.333333333333, 0.0970212765957, 0.25, 0.0967741935484, 0.037037037037, 0.221238938053, 0.170243204578, 0.161904761905, 0.0466101694915, 0.16369047619, 0.0943396226415, 
N:R203K, 0.761453396524, 0.509316770186, 0.461832061069, 0.79347826087, 0.4, 0.817872340426, 0.25, 0.838709677419, 0.814814814815, 0.699115044248, 0.618025751073, 0.752380952381, 0.881355932203, 0.764880952381, 0.837735849057, 
N:R203M, 0.00947867298578, 0,0,0,0,0,0,0,0,0,0,0,0,0,0.00377358490566, 
N:D377Y, 0.0110584518167, 0,0,0,0,0.00170212765957, 0,0.0967741935484, 0,0,0,0,0,0,0.00377358490566, 
S:Y144-, 0.796208530806, 0.447204968944, 0.885496183206, 0.70652173913, 0.633333333333, 0.804255319149, 0.25, 0.741935483871, 0.962962962963, 0.70796460177, 0.71530758226, 0.780952380952, 0.881355932203, 0.785714285714, 0.88679245283, 
S:L1063F, 0.0205371248025, 0.0931677018634, 0.0152671755725, 0,0.0666666666667, 0.0195744680851, 0.25, 0,0,0.0884955752212, 0.0200286123033, 0.0761904761905, 0.0127118644068, 0.00892857142857, 0.00377358490566, 
N:G204P, 0.703001579779, 0.403726708075, 0.446564885496, 0.75, 0.4, 0.750638297872, 0.25, 0.677419354839, 0.777777777778, 0.637168141593, 0.589413447783, 0.657142857143, 0.830508474576, 0.732142857143, 0.788679245283, 
ORF8:D119-, 0.00789889415482, 0,0,0,0,0,0,0,0,0,0,0,0,0,0,
