,Hlavni mesto Praha_625,Jihomoravsky kraj_154,Karlovarsky kraj_262,Liberecky kraj_92,Kraj Vysocina_28,_1164,Zlinsky kraj_4,Ustecky kraj_31,Pardubicky kraj_27,Jihocesky kraj_113,Kralovehradecky kraj_696,Moravskoslezsky kraj_103,Olomoucky kraj_234,Plzensky kraj_330,Stredocesky kraj_263
S:V635G, 0,0.123376623377, 0,0,0,0,0,0,0,0,0,0,0,0,0,
ORF7a:T120I, 0.0112, 0,0,0,0,0,0,0,0,0,0,0,0,0,0,
ORF8:Q27*, 0.7904, 0.435064935065, 0.881679389313, 0.771739130435, 0.714285714286, 0.810996563574, 0.25, 0.741935483871, 0.962962962963, 0.699115044248, 0.721264367816, 0.78640776699, 0.850427350427, 0.778787878788, 0.87072243346, 
S:A243-, 0.0112, 0.0194805194805, 0.00381679389313, 0.130434782609, 0,0.00601374570447, 0,0,0,0.00884955752212, 0.00431034482759, 0,0.0555555555556, 0.00606060606061, 0.00760456273764, 
ORF1a:F3677-, 0.8032, 0.305194805195, 0.889312977099, 0.902173913043, 0.678571428571, 0.817010309278, 0.25, 0.741935483871, 0.962962962963, 0.70796460177, 0.718390804598, 0.796116504854, 0.940170940171, 0.790909090909, 0.882129277567, 
N:T205I, 0.0224, 0.012987012987, 0.00381679389313, 0.130434782609, 0.0714285714286, 0.0128865979381, 0,0,0,0.00884955752212, 0.0158045977011, 0,0.0598290598291, 0.030303030303, 0.0190114068441, 
ORF3a:A31S, 0.0016, 0,0,0.130434782609, 0,0.00429553264605, 0,0,0,0,0,0,0,0,0,
S:N501Y, 0.792, 0.448051948052, 0.889312977099, 0.847826086957, 0.678571428571, 0.774054982818, 0.25, 0.741935483871, 0.962962962963, 0.70796460177, 0.725574712644, 0.776699029126, 0.931623931624, 0.790909090909, 0.802281368821, 
ORF8:K68*, 0.752, 0.396103896104, 0.843511450382, 0.739130434783, 0.678571428571, 0.750859106529, 0.25, 0.741935483871, 0.777777777778, 0.646017699115, 0.705459770115, 0.73786407767, 0.811965811966, 0.754545454545, 0.832699619772, 
S:D215G, 0.0096, 0.012987012987, 0.00381679389313, 0.130434782609, 0,0.00687285223368, 0,0,0,0.00884955752212, 0.00431034482759, 0,0.0555555555556, 0.00606060606061, 0.00760456273764, 
ORF1b:P1000L, 0.008, 0,0,0,0,0,0,0,0,0,0,0,0,0,0,
ORF1a:L3180R, 0,0.103896103896, 0,0,0,0,0,0,0,0,0,0,0,0,0,
S:S689T, 0.0016, 0,0,0.130434782609, 0,0.00429553264605, 0,0,0,0,0,0,0,0,0,
S:S98F, 0.0192, 0.116883116883, 0.0190839694656, 0.0108695652174, 0,0.03264604811, 0,0.0322580645161, 0,0.0176991150442, 0.0272988505747, 0.0194174757282, 0.0042735042735, 0.0454545454545, 0.00760456273764, 
ORF3a:Q57H, 0.016, 0.025974025974, 0.0229007633588, 0.141304347826, 0,0.0231958762887, 0.25, 0,0,0.0442477876106, 0.0244252873563, 0.0194174757282, 0.0641025641026, 0.00606060606061, 0.0114068441065, 
S:T19R, 0.008, 0,0,0,0,0,0,0,0,0,0,0,0,0,0,
ORF3a:V202L, 0.0176, 0.11038961039, 0.0114503816794, 0,0,0.0180412371134, 0,0,0,0.0442477876106, 0.0258620689655, 0.0194174757282, 0.00854700854701, 0.0212121212121, 0,
S:T478K, 0.008, 0,0,0,0,0,0,0,0,0,0,0,0.0042735042735, 0,0,
S:E156-, 0.008, 0,0,0,0,0,0,0,0,0,0,0,0,0,0,
S:N439K, 0.1248, 0.305194805195, 0.0648854961832, 0.054347826087, 0.321428571429, 0.0987972508591, 0.25, 0.0967741935484, 0.037037037037, 0.221238938053, 0.173850574713, 0.155339805825, 0.0470085470085, 0.175757575758, 0.0950570342205, 
ORF14:L52F, 0.0224, 0.0194805194805, 0.00381679389313, 0.130434782609, 0.0714285714286, 0.0137457044674, 0,0,0,0.00884955752212, 0.0158045977011, 0,0.0598290598291, 0.030303030303, 0.0190114068441, 
ORF1b:T216P, 0,0.188311688312, 0,0,0,0,0,0,0,0,0,0,0,0,0,
S:S982A, 0.7936, 0.422077922078, 0.885496183206, 0.717391304348, 0.678571428571, 0.808419243986, 0.25, 0.741935483871, 0.962962962963, 0.699115044248, 0.721264367816, 0.776699029126, 0.876068376068, 0.784848484848, 0.882129277567, 
ORF1b:P314L, 0.9904, 0.980519480519, 1.0, 0.989130434783, 1.0, 0.959621993127, 1.0, 1.0, 1.0, 1.0, 1.0, 1.0, 0.982905982906, 1.0, 0.931558935361, 
ORF1b:G662S, 0.008, 0,0,0,0,0,0,0,0,0,0,0,0,0,0,
S:H69-, 0.9216, 0.707792207792, 0.946564885496, 0.771739130435, 1.0, 0.909793814433, 0.5, 0.838709677419, 1.0, 0.920353982301, 0.899425287356, 0.932038834951, 0.92735042735, 0.945454545455, 0.977186311787, 
ORF1b:V711I, 0.1232, 0.279220779221, 0.0610687022901, 0.054347826087, 0.285714285714, 0.0979381443299, 0.25, 0.0967741935484, 0.037037037037, 0.221238938053, 0.172413793103, 0.145631067961, 0.0470085470085, 0.160606060606, 0.0950570342205, 
ORF8:Y73C, 0.7904, 0.428571428571, 0.881679389313, 0.771739130435, 0.714285714286, 0.808419243986, 0.25, 0.741935483871, 0.962962962963, 0.699115044248, 0.715517241379, 0.78640776699, 0.850427350427, 0.778787878788, 0.87072243346, 
ORF1a:C4056G, 0,0.188311688312, 0,0,0,0,0,0,0,0,0,0,0,0,0,
S:L241-, 0.0112, 0.0194805194805, 0.00381679389313, 0.130434782609, 0,0.00601374570447, 0,0,0,0.0176991150442, 0.00574712643678, 0,0.0555555555556, 0.00606060606061, 0.00760456273764, 
S:D950N, 0.008, 0,0,0,0,0,0,0,0,0,0,0,0,0,0,
ORF1a:A1708D, 0.7904, 0.422077922078, 0.885496183206, 0.771739130435, 0.678571428571, 0.810137457045, 0.25, 0.741935483871, 0.962962962963, 0.699115044248, 0.716954022989, 0.776699029126, 0.880341880342, 0.784848484848, 0.878326996198, 
ORF7a:V82A, 0.0032, 0,0,0,0,0,0,0,0,0,0,0,0,0,0.00380228136882, 
ORF1a:M4241I, 0.1264, 0.279220779221, 0.0610687022901, 0.054347826087, 0.285714285714, 0.0979381443299, 0.25, 0.0967741935484, 0.037037037037, 0.221238938053, 0.172413793103, 0.145631067961, 0.0470085470085, 0.160606060606, 0.0950570342205, 
S:D614G, 0.9984, 0.987012987013, 1.0, 0.934782608696, 1.0, 0.994845360825, 1.0, 1.0, 1.0, 1.0, 1.0, 1.0, 0.995726495726, 1.0, 1.0, 
ORF1b:A1392T, 0.0032, 0,0,0.25, 0,0.00773195876289, 0,0.0322580645161, 0,0,0,0,0,0,0.0114068441065, 
S:A570D, 0.7696, 0.422077922078, 0.885496183206, 0.717391304348, 0.678571428571, 0.795532646048, 0.25, 0.741935483871, 0.962962962963, 0.699115044248, 0.718390804598, 0.776699029126, 0.876068376068, 0.784848484848, 0.749049429658, 
S:A701V, 0.0096, 0.012987012987, 0.00763358778626, 0.130434782609, 0,0.00687285223368, 0,0,0,0.00884955752212, 0.00431034482759, 0,0.0555555555556, 0.00606060606061, 0.00760456273764, 
ORF14:G50N, 0.808, 0.493506493506, 0.858778625954, 0.79347826087, 0.607142857143, 0.83676975945, 0.25, 0.838709677419, 0.962962962963, 0.699115044248, 0.729885057471, 0.805825242718, 0.880341880342, 0.793939393939, 0.882129277567, 
ORF1a:F2328C, 0,0.188311688312, 0,0,0,0,0,0,0,0,0,0,0,0,0,
ORF1b:D445E, 0.0112, 0.11038961039, 0.0114503816794, 0,0,0.0137457044674, 0,0,0,0.0176991150442, 0.0244252873563, 0,0,0.0212121212121, 0,
ORF1a:E1209D, 0.0112, 0.11038961039, 0.0114503816794, 0,0,0.0137457044674, 0,0,0,0.0176991150442, 0.0244252873563, 0,0,0.0212121212121, 0,
S:L452R, 0.0128, 0.00649350649351, 0,0,0,0.00085910652921, 0,0,0,0,0.0014367816092, 0,0,0.0030303030303, 0.00380228136882, 
S:D80A, 0.0096, 0.012987012987, 0.00381679389313, 0.130434782609, 0,0.00601374570447, 0,0,0,0.00884955752212, 0.00431034482759, 0,0.0555555555556, 0.00606060606061, 0.00760456273764, 
ORF14:E51Q, 0.7488, 0.383116883117, 0.790076335878, 0.75, 0.642857142857, 0.769759450172, 0.25, 0.677419354839, 0.925925925926, 0.637168141593, 0.692528735632, 0.68932038835, 0.82905982906, 0.760606060606, 0.832699619772, 
N:G204R, 0.0608, 0.0649350649351, 0.0152671755725, 0.0326086956522, 0,0.0652920962199, 0,0.161290322581, 0.037037037037, 0.0619469026549, 0.0244252873563, 0.0970873786408, 0.0512820512821, 0.0333333333333, 0.0494296577947, 
S:K417N, 0.0096, 0.012987012987, 0.00381679389313, 0.130434782609, 0,0.00601374570447, 0,0,0,0.00884955752212, 0.00431034482759, 0,0.0555555555556, 0.00606060606061, 0.00760456273764, 
S:D1118H, 0.7952, 0.435064935065, 0.885496183206, 0.717391304348, 0.678571428571, 0.809278350515, 0.25, 0.741935483871, 0.962962962963, 0.699115044248, 0.718390804598, 0.776699029126, 0.880341880342, 0.784848484848, 0.882129277567, 
S:E484K, 0.0144, 0.0324675324675, 0.00381679389313, 0.141304347826, 0,0.00945017182131, 0,0.0645161290323, 0.037037037037, 0.00884955752212, 0.00574712643678, 0.0194174757282, 0.0598290598291, 0.00606060606061, 0.00760456273764, 
S:T716I, 0.7936, 0.422077922078, 0.885496183206, 0.717391304348, 0.678571428571, 0.808419243986, 0.25, 0.741935483871, 0.962962962963, 0.699115044248, 0.718390804598, 0.776699029126, 0.876068376068, 0.784848484848, 0.882129277567, 
S:P681R, 0.0128, 0,0,0,0,0,0,0,0,0,0,0,0,0,0.00380228136882, 
S:V70-, 0.9216, 0.707792207792, 0.946564885496, 0.771739130435, 1.0, 0.908934707904, 0.5, 0.838709677419, 1.0, 0.920353982301, 0.899425287356, 0.932038834951, 0.92735042735, 0.945454545455, 0.977186311787, 
ORF1a:S3675-, 0.8032, 0.305194805195, 0.889312977099, 0.902173913043, 0.678571428571, 0.817010309278, 0.25, 0.741935483871, 0.962962962963, 0.70796460177, 0.718390804598, 0.796116504854, 0.940170940171, 0.790909090909, 0.882129277567, 
E:P71L, 0.0096, 0.012987012987, 0.00381679389313, 0.130434782609, 0,0.00515463917526, 0,0,0,0.00884955752212, 0.00431034482759, 0.00970873786408, 0.0555555555556, 0.00606060606061, 0.00760456273764, 
ORF3a:A110S, 0.0032, 0,0,0.130434782609, 0,0.00429553264605, 0,0,0,0,0,0,0,0,0.00760456273764, 
ORF3a:G172R, 0.0128, 0.103896103896, 0.0114503816794, 0,0,0.016323024055, 0,0,0,0.0176991150442, 0.0258620689655, 0.0194174757282, 0.0042735042735, 0.0212121212121, 0,
N:D63G, 0.0048, 0,0,0,0,0,0,0,0,0,0,0,0,0,0,
M:I82T, 0.0112, 0,0,0,0,0,0,0,0,0,0,0.0194174757282, 0,0,0,
N:S235F, 0.7312, 0.428571428571, 0.450381679389, 0.760869565217, 0.428571428571, 0.795532646048, 0.25, 0.677419354839, 0.777777777778, 0.699115044248, 0.591954022989, 0.747572815534, 0.871794871795, 0.757575757576, 0.825095057034, 
ORF8:R52I, 0.7312, 0.396103896104, 0.881679389313, 0.771739130435, 0.714285714286, 0.798969072165, 0.25, 0.741935483871, 0.962962962963, 0.699115044248, 0.721264367816, 0.78640776699, 0.84188034188, 0.778787878788, 0.866920152091, 
N:P13S, 0.0064, 0.00649350649351, 0.00381679389313, 0.130434782609, 0,0.00515463917526, 0,0,0,0.00884955752212, 0.00287356321839, 0,0.0042735042735, 0,0.00380228136882, 
ORF1a:K3353R, 0.016, 0.00649350649351, 0.00381679389313, 0.130434782609, 0,0.0146048109966, 0,0,0,0.0265486725664, 0.00862068965517, 0.0194174757282, 0.0598290598291, 0.0121212121212, 0.00760456273764, 
S:F157-, 0.008, 0,0,0,0,0,0,0,0,0,0,0,0,0,0,
ORF1a:I2501T, 0.1248, 0.305194805195, 0.0648854961832, 0.054347826087, 0.285714285714, 0.0987972508591, 0.25, 0.0967741935484, 0.037037037037, 0.221238938053, 0.175287356322, 0.145631067961, 0.0470085470085, 0.175757575758, 0.0950570342205, 
N:D3L, 0.7312, 0.415584415584, 0.450381679389, 0.771739130435, 0.428571428571, 0.798969072165, 0.25, 0.677419354839, 0.814814814815, 0.699115044248, 0.596264367816, 0.747572815534, 0.876068376068, 0.757575757576, 0.828897338403, 
ORF14:Q46*, 0.016, 0.11038961039, 0.00763358778626, 0,0,0.016323024055, 0,0,0,0.0176991150442, 0.0287356321839, 0.0194174757282, 0,0.0212121212121, 0,
ORF8:F120-, 0.008, 0,0,0,0,0,0,0,0,0,0,0,0,0,0,
ORF3a:Q38R, 0.0128, 0.11038961039, 0.0114503816794, 0,0,0.0154639175258, 0,0,0,0.0176991150442, 0.0258620689655, 0.0194174757282, 0,0.0212121212121, 0,
ORF1a:T265I, 0.0144, 0.00649350649351, 0.00381679389313, 0.130434782609, 0,0.0120274914089, 0,0,0,0.0265486725664, 0.00718390804598, 0.0194174757282, 0.0555555555556, 0.00606060606061, 0.00760456273764, 
ORF1b:H1213Y, 0.1232, 0.305194805195, 0.0648854961832, 0.054347826087, 0.285714285714, 0.0979381443299, 0.25, 0.0967741935484, 0.037037037037, 0.221238938053, 0.173850574713, 0.145631067961, 0.0470085470085, 0.175757575758, 0.0950570342205, 
ORF1a:K1655N, 0.0144, 0.012987012987, 0.0114503816794, 0.130434782609, 0,0.00687285223368, 0,0,0,0.00884955752212, 0.0186781609195, 0,0.0598290598291, 0.00909090909091, 0.00760456273764, 
ORF1a:I2230T, 0.7904, 0.428571428571, 0.885496183206, 0.771739130435, 0.678571428571, 0.808419243986, 0.25, 0.741935483871, 0.962962962963, 0.699115044248, 0.715517241379, 0.815533980583, 0.876068376068, 0.778787878788, 0.878326996198, 
ORF1a:T1001I, 0.792, 0.422077922078, 0.885496183206, 0.771739130435, 0.678571428571, 0.812714776632, 0.25, 0.741935483871, 0.962962962963, 0.699115044248, 0.715517241379, 0.776699029126, 0.880341880342, 0.775757575758, 0.878326996198, 
S:P681H, 0.7952, 0.435064935065, 0.885496183206, 0.717391304348, 0.678571428571, 0.814432989691, 0.25, 0.741935483871, 0.962962962963, 0.699115044248, 0.725574712644, 0.796116504854, 0.880341880342, 0.790909090909, 0.882129277567, 
ORF1a:G3676-, 0.8032, 0.305194805195, 0.889312977099, 0.902173913043, 0.678571428571, 0.817010309278, 0.25, 0.741935483871, 0.962962962963, 0.70796460177, 0.718390804598, 0.796116504854, 0.940170940171, 0.790909090909, 0.882129277567, 
ORF3a:S26L, 0.016, 0,0,0,0,0,0,0,0,0,0,0,0,0,0.00380228136882, 
ORF1b:A1521S, 0.1232, 0.279220779221, 0.0610687022901, 0.054347826087, 0.285714285714, 0.0979381443299, 0.25, 0.0967741935484, 0.037037037037, 0.221238938053, 0.170977011494, 0.145631067961, 0.0470085470085, 0.160606060606, 0.0950570342205, 
N:R203K, 0.7616, 0.487012987013, 0.461832061069, 0.79347826087, 0.428571428571, 0.821305841924, 0.25, 0.838709677419, 0.814814814815, 0.699115044248, 0.617816091954, 0.766990291262, 0.880341880342, 0.766666666667, 0.836501901141, 
N:R203M, 0.0096, 0,0,0,0,0,0,0,0,0,0,0,0,0,0.00380228136882, 
N:D377Y, 0.0112, 0,0,0,0,0.00171821305842, 0,0.0967741935484, 0,0,0,0,0,0,0.00380228136882, 
ORF1a:S528L, 0.0064, 0,0,0,0,0.0257731958763, 0,0.0322580645161, 0.037037037037, 0.115044247788, 0,0,0,0.0212121212121, 0.00380228136882, 
N:P199L, 0.016, 0.11038961039, 0.00763358778626, 0,0,0.016323024055, 0,0,0,0.0176991150442, 0.0258620689655, 0.0194174757282, 0,0.0212121212121, 0,
S:Y144-, 0.7952, 0.448051948052, 0.885496183206, 0.70652173913, 0.678571428571, 0.809278350515, 0.25, 0.741935483871, 0.962962962963, 0.70796460177, 0.716954022989, 0.796116504854, 0.880341880342, 0.787878787879, 0.885931558935, 
ORF8:A51V, 0.0016, 0.103896103896, 0,0.0108695652174, 0,0.00257731958763, 0,0,0,0,0,0,0,0,0,
N:G204P, 0.7024, 0.376623376623, 0.446564885496, 0.75, 0.428571428571, 0.754295532646, 0.25, 0.677419354839, 0.777777777778, 0.637168141593, 0.58908045977, 0.669902912621, 0.82905982906, 0.733333333333, 0.787072243346, 
S:C649G, 0,0.12987012987, 0,0,0,0,0,0,0,0,0,0,0,0,0,
S:L242-, 0.0112, 0.0194805194805, 0.00381679389313, 0.130434782609, 0,0.00601374570447, 0,0,0,0.00884955752212, 0.00431034482759, 0,0.0555555555556, 0.00606060606061, 0.00760456273764, 
ORF8:D119-, 0.008, 0,0,0,0,0,0,0,0,0,0,0,0,0,0,
ORF1a:T3182P, 0,0.142857142857, 0,0,0,0,0,0,0,0,0,0,0,0,0,
S:L18F, 0.016, 0.025974025974, 0.00381679389313, 0.163043478261, 0,0.0154639175258, 0,0,0,0.0265486725664, 0.00574712643678, 0.00970873786408, 0.0598290598291, 0.0030303030303, 0.00380228136882, 
ORF3a:S171L, 0.0112, 0.00649350649351, 0.00381679389313, 0.130434782609, 0,0.00773195876289, 0,0,0,0.00884955752212, 0.00862068965517, 0,0.0555555555556, 0.00606060606061, 0.0114068441065, 
other, 0.792, 0.941558441558, 0.74427480916, 0.739130434783, 0.785714285714, 0.829896907216, 1.0, 0.870967741935, 0.592592592593, 0.867256637168, 0.727011494253, 0.805825242718, 0.961538461538, 0.857575757576, 0.794676806084, 