,21-2021_98,22-2021_139,23-2021_138,24-2021_61,25-2021_96,26-2021_171,27-2021_212,28-2021_118,29-2021_60,30-2021_41,31-2021_10,pocet
N:D3L, 0.785714285714, 0.755395683453, 0.949275362319, 0.688524590164, 0.333333333333, 0.245614035088, 0.0283018867925, 0.0169491525424, 0.0166666666667, 0,0,438, 
S:T19R, 0.15306122449, 0.215827338129, 0.0289855072464, 0.213114754098, 0.604166666667, 0.701754385965, 0.952830188679, 0.949152542373, 0.966666666667, 0.975609756098, 1.0, 662, 
N:G204R, 0.0816326530612, 0.0359712230216, 0.0869565217391, 0.131147540984, 0.0416666666667, 0.0350877192982, 0.00943396226415, 0.00847457627119, 0,0,0,46, 
N:G204P, 0.765306122449, 0.73381294964, 0.876811594203, 0.655737704918, 0.354166666667, 0.233918128655, 0.0188679245283, 0.0169491525424, 0.0166666666667, 0,0,419, 
ORF1a:P1010L, 0,0,0,0.114754098361, 0.447916666667, 0.508771929825, 0.594339622642, 0.406779661017, 0.183333333333, 0.219512195122, 0.2, 333, 
ORF1a:T3255I, 0.0204081632653, 0.00719424460432, 0.0144927536232, 0.0491803278689, 0.104166666667, 0.163742690058, 0.316037735849, 0.440677966102, 0.583333333333, 0.634146341463, 0.7, 233, 
ORF8:E92K, 0.0204081632653, 0.0143884892086, 0.00724637681159, 0.0491803278689, 0.135416666667, 0.0760233918129, 0.0990566037736, 0.0593220338983, 0.0833333333333, 0,0,67, 
S:T95I, 0.0612244897959, 0.0359712230216, 0.0144927536232, 0.0327868852459, 0.104166666667, 0.0760233918129, 0.193396226415, 0.347457627119, 0.433333333333, 0.512195121951, 0.4, 171, 
ORF1b:R188Q, 0,0,0,0,0,0.0116959064327, 0.0141509433962, 0.0932203389831, 0.183333333333, 0.0731707317073, 0,30, 
ORF1a:T3646A, 0.0102040816327, 0.00719424460432, 0.0144927536232, 0.0491803278689, 0.104166666667, 0.163742690058, 0.311320754717, 0.423728813559, 0.55, 0.560975609756, 0.7, 224, 
ORF7a:T120I, 0.15306122449, 0.194244604317, 0.0289855072464, 0.180327868852, 0.59375, 0.719298245614, 0.962264150943, 0.957627118644, 0.95, 0.975609756098, 1.0, 661, 
ORF1a:R3542C, 0.0510204081633, 0.172661870504, 0,0.0327868852459, 0.0104166666667, 0.00584795321637, 0,0,0,0,0,33, 
ORF1a:P309L, 0.142857142857, 0.201438848921, 0.0144927536232, 0.0327868852459, 0.0416666666667, 0.0116959064327, 0.00943396226415, 0,0,0,0.1, 55, 
S:R158G, 0.142857142857, 0.201438848921, 0.0217391304348, 0.147540983607, 0.375, 0.508771929825, 0.646226415094, 0.398305084746, 0.166666666667, 0.0975609756098, 0.1, 376, 
ORF8:F120-, 0.15306122449, 0.215827338129, 0.0217391304348, 0.147540983607, 0.375, 0.555555555556, 0.740566037736, 0.652542372881, 0.35, 0.243902439024, 0.1, 454, 
S:D1118H, 0.785714285714, 0.755395683453, 0.949275362319, 0.704918032787, 0.364583333333, 0.239766081871, 0.0330188679245, 0.0169491525424, 0.0166666666667, 0,0,442, 
S:D950N, 0.112244897959, 0.194244604317, 0.0289855072464, 0.213114754098, 0.604166666667, 0.690058479532, 0.957547169811, 0.974576271186, 0.983333333333, 1.0, 0.9, 658, 
ORF1a:P2046L, 0.0102040816327, 0.00719424460432, 0.0144927536232, 0.0491803278689, 0.104166666667, 0.163742690058, 0.320754716981, 0.432203389831, 0.583333333333, 0.609756097561, 0.7, 231, 
S:A570D, 0.785714285714, 0.755395683453, 0.949275362319, 0.704918032787, 0.354166666667, 0.239766081871, 0.0283018867925, 0.0169491525424, 0.0166666666667, 0,0,440, 
ORF1a:R287M, 0,0.0359712230216, 0.108695652174, 0.0327868852459, 0.0208333333333, 0.0409356725146, 0,0,0,0,0,31, 
S:E156-, 0.142857142857, 0.201438848921, 0.0217391304348, 0.147540983607, 0.385416666667, 0.508771929825, 0.646226415094, 0.398305084746, 0.166666666667, 0.0975609756098, 0.1, 377, 
ORF1a:P1640L, 0.142857142857, 0.208633093525, 0.00724637681159, 0.196721311475, 0.510416666667, 0.543859649123, 0.632075471698, 0.491525423729, 0.383333333333, 0.341463414634, 0.3, 430, 
ORF9b:R32H, 0,0,0,0.016393442623, 0.0833333333333, 0.0818713450292, 0.127358490566, 0.110169491525, 0.0333333333333, 0,0,65, 
N:R203M, 0.15306122449, 0.223021582734, 0.0289855072464, 0.213114754098, 0.59375, 0.701754385965, 0.962264150943, 0.957627118644, 0.966666666667, 0.975609756098, 1.0, 665, 
ORF1a:T2648I, 0,0,0,0.114754098361, 0.4375, 0.514619883041, 0.589622641509, 0.398305084746, 0.183333333333, 0.219512195122, 0.2, 331, 
ORF1b:L860F, 0,0.0143884892086, 0.108695652174, 0.016393442623, 0,0.0175438596491, 0,0,0,0,0,21, 
ORF1b:L829I, 0,0,0,0,0,0.0350877192982, 0.0660377358491, 0.0847457627119, 0.183333333333, 0.0487804878049, 0.1, 44, 
ORF1a:F3677-, 0.80612244898, 0.719424460432, 0.847826086957, 0.606557377049, 0.239583333333, 0.222222222222, 0.0141509433962, 0.0169491525424, 0,0,0,399, 
ORF1a:I453T, 0.122448979592, 0.208633093525, 0.00724637681159, 0.0327868852459, 0.0104166666667, 0.00584795321637, 0,0,0,0,0,46, 
S:S982A, 0.785714285714, 0.755395683453, 0.949275362319, 0.704918032787, 0.354166666667, 0.239766081871, 0.0283018867925, 0.0254237288136, 0.0166666666667, 0,0,441, 
S:D253A, 0,0,0,0.114754098361, 0.4375, 0.508771929825, 0.584905660377, 0.398305084746, 0.183333333333, 0.219512195122, 0.1, 328, 
ORF1b:Q1441H, 0.122448979592, 0.201438848921, 0.00724637681159, 0.0327868852459, 0.0104166666667, 0.00584795321637, 0,0,0,0,0,45, 
ORF1a:A3209V, 0.15306122449, 0.208633093525, 0.0144927536232, 0.16393442623, 0.5, 0.549707602339, 0.641509433962, 0.508474576271, 0.4, 0.292682926829, 0.2, 432, 
ORF1b:P314L, 1.0, 1.0, 1.0, 1.0, 1.0, 1.0, 0.995283018868, 1.0, 1.0, 1.0, 1.0, 1143, 
ORF1a:G3676-, 0.80612244898, 0.719424460432, 0.847826086957, 0.606557377049, 0.239583333333, 0.222222222222, 0.0141509433962, 0.0169491525424, 0,0,0,399, 
ORF1b:G662S, 0.15306122449, 0.208633093525, 0.0289855072464, 0.213114754098, 0.604166666667, 0.707602339181, 0.957547169811, 0.966101694915, 0.983333333333, 0.975609756098, 0.9, 665, 
S:P681R, 0.15306122449, 0.215827338129, 0.0289855072464, 0.213114754098, 0.614583333333, 0.701754385965, 0.962264150943, 0.974576271186, 0.983333333333, 0.975609756098, 0.9, 668, 
ORF3a:S26L, 0.15306122449, 0.208633093525, 0.0217391304348, 0.213114754098, 0.604166666667, 0.695906432749, 0.962264150943, 0.974576271186, 0.983333333333, 1.0, 1.0, 666, 
S:H69-, 0.80612244898, 0.73381294964, 0.847826086957, 0.622950819672, 0.229166666667, 0.239766081871, 0.0188679245283, 0.00847457627119, 0.0166666666667, 0,0,405, 
S:P681H, 0.795918367347, 0.755395683453, 0.949275362319, 0.688524590164, 0.354166666667, 0.245614035088, 0.0283018867925, 0.0169491525424, 0.0166666666667, 0,0,441, 
S:N501Y, 0.80612244898, 0.769784172662, 0.963768115942, 0.737704918033, 0.395833333333, 0.269005847953, 0.0377358490566, 0.0508474576271, 0.05, 0.0731707317073, 0,468, 
ORF1b:L820F, 0,0,0,0,0,0.0175438596491, 0.0660377358491, 0.14406779661, 0.0166666666667, 0.0731707317073, 0,38, 
N:D377Y, 0.15306122449, 0.230215827338, 0.036231884058, 0.213114754098, 0.604166666667, 0.695906432749, 0.957547169811, 0.957627118644, 0.966666666667, 0.975609756098, 1.0, 666, 
ORF8:Q27*, 0.785714285714, 0.726618705036, 0.95652173913, 0.688524590164, 0.354166666667, 0.251461988304, 0.0330188679245, 0.0254237288136, 0.0166666666667, 0,0,440, 
N:D63G, 0.15306122449, 0.223021582734, 0.0289855072464, 0.213114754098, 0.604166666667, 0.695906432749, 0.957547169811, 0.957627118644, 0.966666666667, 0.975609756098, 1.0, 664, 
ORF8:K68*, 0.744897959184, 0.68345323741, 0.876811594203, 0.655737704918, 0.28125, 0.233918128655, 0.0235849056604, 0.00847457627119, 0.0166666666667, 0,0,403, 
S:T716I, 0.785714285714, 0.755395683453, 0.942028985507, 0.688524590164, 0.354166666667, 0.239766081871, 0.0283018867925, 0.0169491525424, 0.0166666666667, 0,0,438, 
ORF1a:T3750I, 0,0,0.00724637681159, 0.131147540984, 0.458333333333, 0.53216374269, 0.632075471698, 0.491525423729, 0.383333333333, 0.292682926829, 0.2, 373, 
ORF1a:K2200N, 0.122448979592, 0.208633093525, 0.00724637681159, 0.0327868852459, 0.0104166666667, 0.00584795321637, 0,0,0,0,0,46, 
ORF8:Y73C, 0.785714285714, 0.726618705036, 0.95652173913, 0.688524590164, 0.3125, 0.239766081871, 0.0235849056604, 0.0169491525424, 0.0166666666667, 0,0,431, 
ORF1a:A1306S, 0.0102040816327, 0.00719424460432, 0.0144927536232, 0.0491803278689, 0.104166666667, 0.163742690058, 0.311320754717, 0.440677966102, 0.533333333333, 0.585365853659, 0.7, 226, 
ORF1a:T1001I, 0.785714285714, 0.762589928058, 0.942028985507, 0.688524590164, 0.354166666667, 0.245614035088, 0.0283018867925, 0.0254237288136, 0.0166666666667, 0,0,441, 
M:I82T, 0.19387755102, 0.215827338129, 0.0289855072464, 0.229508196721, 0.614583333333, 0.74269005848, 0.966981132075, 0.966101694915, 0.983333333333, 0.975609756098, 1.0, 681, 
ORF1b:T1404M, 0,0.0143884892086, 0.108695652174, 0.016393442623, 0,0.0175438596491, 0,0,0,0,0,21, 
ORF9b:T60A, 0.15306122449, 0.215827338129, 0.0289855072464, 0.213114754098, 0.604166666667, 0.695906432749, 0.957547169811, 0.957627118644, 0.966666666667, 0.975609756098, 1.0, 663, 
ORF14:G50N, 0.84693877551, 0.769784172662, 0.963768115942, 0.786885245902, 0.395833333333, 0.269005847953, 0.0283018867925, 0.0254237288136, 0.0166666666667, 0,0,465, 
ORF14:G50W, 0.15306122449, 0.223021582734, 0.0289855072464, 0.213114754098, 0.59375, 0.701754385965, 0.962264150943, 0.957627118644, 0.966666666667, 0.975609756098, 1.0, 665, 
N:S235F, 0.785714285714, 0.755395683453, 0.95652173913, 0.688524590164, 0.385416666667, 0.251461988304, 0.0330188679245, 0.0169491525424, 0.0166666666667, 0,0,446, 
S:Y144-, 0.755102040816, 0.73381294964, 0.847826086957, 0.655737704918, 0.239583333333, 0.25730994152, 0.0188679245283, 0.0169491525424, 0,0,0,406, 
ORF1a:A1708D, 0.785714285714, 0.762589928058, 0.942028985507, 0.688524590164, 0.354166666667, 0.245614035088, 0.0283018867925, 0.0169491525424, 0.0166666666667, 0,0,440, 
N:R203K, 0.84693877551, 0.769784172662, 0.963768115942, 0.786885245902, 0.395833333333, 0.269005847953, 0.0283018867925, 0.0254237288136, 0.0166666666667, 0,0,465, 
S:D979E, 0,0,0,0.114754098361, 0.447916666667, 0.508771929825, 0.580188679245, 0.406779661017, 0.2, 0.219512195122, 0.1, 330, 
ORF7a:V82A, 0.15306122449, 0.194244604317, 0.0217391304348, 0.180327868852, 0.59375, 0.719298245614, 0.962264150943, 0.966101694915, 0.95, 0.951219512195, 1.0, 660, 
ORF8:R52I, 0.785714285714, 0.726618705036, 0.95652173913, 0.688524590164, 0.270833333333, 0.228070175439, 0.0235849056604, 0.0169491525424, 0.0166666666667, 0,0,425, 
S:T478K, 0.15306122449, 0.223021582734, 0.0289855072464, 0.213114754098, 0.625, 0.707602339181, 0.962264150943, 0.966101694915, 0.983333333333, 1.0, 0.9, 671, 
ORF8:D119-, 0.15306122449, 0.215827338129, 0.0217391304348, 0.147540983607, 0.375, 0.555555555556, 0.740566037736, 0.652542372881, 0.35, 0.243902439024, 0.1, 454, 
ORF7b:T40I, 0.0102040816327, 0.00719424460432, 0.0144927536232, 0.0491803278689, 0.104166666667, 0.163742690058, 0.316037735849, 0.449152542373, 0.466666666667, 0.560975609756, 0.7, 223, 
ORF1a:S3675-, 0.80612244898, 0.719424460432, 0.847826086957, 0.606557377049, 0.239583333333, 0.222222222222, 0.0141509433962, 0.0169491525424, 0,0,0,399, 
ORF1a:V3718A, 0.142857142857, 0.208633093525, 0.0144927536232, 0.16393442623, 0.5, 0.543859649123, 0.650943396226, 0.516949152542, 0.383333333333, 0.317073170732, 0.2, 433, 
ORF9b:S6C, 0,0,0,0,0,0.046783625731, 0.0707547169811, 0.0847457627119, 0.15, 0.0487804878049, 0.1, 45, 
S:D614G, 1.0, 0.992805755396, 0.992753623188, 1.0, 1.0, 1.0, 1.0, 1.0, 1.0, 1.0, 0.9, 1141, 
ORF1b:P1000L, 0.15306122449, 0.208633093525, 0.0289855072464, 0.213114754098, 0.614583333333, 0.707602339181, 0.957547169811, 0.966101694915, 0.966666666667, 1.0, 0.9, 666, 
ORF1a:V2930L, 0,0.00719424460432, 0.0144927536232, 0.0491803278689, 0.104166666667, 0.152046783626, 0.259433962264, 0.364406779661, 0.466666666667, 0.536585365854, 0.7, 197, 
S:F157-, 0.142857142857, 0.201438848921, 0.0217391304348, 0.147540983607, 0.385416666667, 0.508771929825, 0.646226415094, 0.398305084746, 0.166666666667, 0.0975609756098, 0.1, 377, 
ORF1a:I4308T, 0,0,0,0,0.0104166666667, 0.0292397660819, 0.0754716981132, 0.152542372881, 0.0333333333333, 0.0731707317073, 0,45, 
S:V70-, 0.80612244898, 0.73381294964, 0.847826086957, 0.622950819672, 0.229166666667, 0.239766081871, 0.0188679245283, 0.00847457627119, 0.0166666666667, 0,0,405, 
ORF1b:T1540I, 0.0102040816327, 0.00719424460432, 0,0,0,0.0116959064327, 0.0141509433962, 0.0847457627119, 0.183333333333, 0.0731707317073, 0,31, 
ORF1a:P2287S, 0.0408163265306, 0.00719424460432, 0.0144927536232, 0.0655737704918, 0.104166666667, 0.187134502924, 0.311320754717, 0.440677966102, 0.583333333333, 0.585365853659, 0.7, 237, 
ORF1a:I2230T, 0.785714285714, 0.762589928058, 0.942028985507, 0.688524590164, 0.354166666667, 0.239766081871, 0.0283018867925, 0.0169491525424, 0.0166666666667, 0,0,439, 
S:A222V, 0,0,0.00724637681159, 0.131147540984, 0.458333333333, 0.526315789474, 0.622641509434, 0.508474576271, 0.383333333333, 0.317073170732, 0.2, 373, 
ORF1b:P1570L, 0.122448979592, 0.201438848921, 0.00724637681159, 0.0327868852459, 0.0104166666667, 0.00584795321637, 0.00471698113208, 0,0,0,0,46, 
ORF1b:A1918V, 0.0102040816327, 0.00719424460432, 0.00724637681159, 0.0491803278689, 0.104166666667, 0.163742690058, 0.316037735849, 0.440677966102, 0.6, 0.560975609756, 0.7, 229, 
N:Q9L, 0,0,0,0,0,0.046783625731, 0.0707547169811, 0.0847457627119, 0.15, 0.0487804878049, 0.1, 45, 
ORF1a:E1205D, 0,0,0,0,0,0.0233918128655, 0.103773584906, 0.0932203389831, 0.133333333333, 0.19512195122, 0.2, 55, 
ORF14:E51Q, 0.765306122449, 0.73381294964, 0.876811594203, 0.655737704918, 0.354166666667, 0.233918128655, 0.0188679245283, 0.0169491525424, 0.0166666666667, 0,0,419, 
N:G215C, 0.0102040816327, 0.00719424460432, 0.0144927536232, 0.0491803278689, 0.104166666667, 0.175438596491, 0.306603773585, 0.423728813559, 0.5, 0.560975609756, 0.7, 222, 
S:L452R, 0.183673469388, 0.215827338129, 0.0289855072464, 0.229508196721, 0.625, 0.730994152047, 0.962264150943, 0.966101694915, 0.983333333333, 1.0, 0.9, 678, 
S:G142D, 0.112244897959, 0.194244604317, 0.0289855072464, 0.213114754098, 0.583333333333, 0.66081871345, 0.938679245283, 0.923728813559, 0.85, 0.829268292683, 1.0, 627, 
other, 4.57142857143, 3.13669064748, 3.78985507246, 4.73770491803, 3.42708333333, 2.97660818713, 1.41037735849, 1.58474576271, 1.96666666667, 2.53658536585, 5.9, 