,1_241,2_29,3_70,4_84,5_283,6_597,7_412,8_358,NA_477,10_395,11_292,12_61,13_54,14_99,15_132,16_47,17_161,18_96,53_7,9_231
ORF7a:T120I, 0.00829875518672, 0,0,0,0,0,0,0,0,0,0,0,0,0,0,0,0.0248447204969, 0.0104166666667, 0,0,
ORF8:Q27*, 0.365145228216, 0.48275862069, 0.742857142857, 0.452380952381, 0.890459363958, 0.896147403685, 0.759708737864, 0.670391061453, 0.823899371069, 0.815189873418, 0.876712328767, 0.918032786885, 0.944444444444, 0.959595959596, 0.568181818182, 0.872340425532, 0.913043478261, 0.9375, 0,0.718614718615, 
ORF1a:F3677-, 0.365145228216, 0.448275862069, 0.728571428571, 0.452380952381, 0.893992932862, 0.876046901173, 0.76213592233, 0.673184357542, 0.8071278826, 0.860759493671, 0.914383561644, 0.967213114754, 0.925925925926, 0.989898989899, 0.606060606061, 0.978723404255, 0.950310559006, 0.958333333333, 0,0.731601731602, 
S:N501Y, 0.373443983402, 0.48275862069, 0.742857142857, 0.452380952381, 0.893992932862, 0.901172529313, 0.771844660194, 0.68156424581, 0.809224318658, 0.759493670886, 0.914383561644, 0.950819672131, 0.925925925926, 0.686868686869, 0.55303030303, 0.893617021277, 0.919254658385, 0.947916666667, 0,0.735930735931, 
ORF8:K68*, 0.352697095436, 0.48275862069, 0.7, 0.452380952381, 0.876325088339, 0.87269681742, 0.71359223301, 0.639664804469, 0.69392033543, 0.784810126582, 0.856164383562, 0.868852459016, 0.907407407407, 0.939393939394, 0.530303030303, 0.787234042553, 0.875776397516, 0.895833333333, 0,0.683982683983, 
ORF6:I60N, 0,0,0,0,0,0,0,0,0,0,0.0102739726027, 0,0,0,0.0378787878788, 0.36170212766, 0.00621118012422, 0.0520833333333, 0,0,
ORF1b:P1000L, 0,0,0,0,0,0,0,0,0,0,0,0,0,0,0,0,0.0248447204969, 0.0104166666667, 0,0,
M:A2S, 0,0,0,0,0,0,0,0.00279329608939, 0.0020964360587, 0,0.00342465753425, 0,0.111111111111, 0,0,0,0.0124223602484, 0,0,0.047619047619, 
S:T19R, 0,0,0,0,0,0,0,0,0,0,0,0,0,0,0,0,0.0248447204969, 0.0104166666667, 0,0,
S:T478K, 0,0,0,0,0,0,0,0,0,0,0,0,0,0,0,0,0.0310559006211, 0.0104166666667, 0,0,
S:E156-, 0,0,0,0,0,0,0,0,0,0,0,0,0,0,0,0,0.0248447204969, 0.0104166666667, 0,0,
S:N439K, 0.360995850622, 0.344827586207, 0.185714285714, 0.333333333333, 0.0918727915194, 0.0502512562814, 0.160194174757, 0.254189944134, 0.11320754717, 0.0708860759494, 0.0479452054795, 0.016393442623, 0.0555555555556, 0,0.174242424242, 0,0,0.0104166666667, 0.714285714286, 0.225108225108, 
S:S982A, 0.373443983402, 0.48275862069, 0.742857142857, 0.452380952381, 0.893992932862, 0.901172529313, 0.757281553398, 0.675977653631, 0.8071278826, 0.80253164557, 0.883561643836, 0.918032786885, 0.907407407407, 0.959595959596, 0.575757575758, 0.872340425532, 0.950310559006, 0.947916666667, 0,0.718614718615, 
ORF1b:P314L, 0.995850622407, 1.0, 1.0, 1.0, 1.0, 1.0, 0.995145631068, 0.997206703911, 0.997903563941, 0.913924050633, 0.989726027397, 1.0, 0.944444444444, 0.787878787879, 0.992424242424, 0.936170212766, 0.950310559006, 1.0, 1.0, 0.995670995671, 
ORF1b:G662S, 0,0,0,0,0,0,0,0,0,0,0,0,0,0,0,0,0.0248447204969, 0.0104166666667, 0,0,
S:H69-, 0.738589211618, 0.827586206897, 0.928571428571, 0.785714285714, 0.985865724382, 0.949748743719, 0.912621359223, 0.924581005587, 0.924528301887, 0.875949367089, 0.924657534247, 0.950819672131, 0.962962962963, 0.959595959596, 0.757575757576, 0.893617021277, 0.950310559006, 0.958333333333, 0.714285714286, 0.943722943723, 
ORF1b:V711I, 0.356846473029, 0.344827586207, 0.171428571429, 0.333333333333, 0.0918727915194, 0.0485762144054, 0.155339805825, 0.245810055866, 0.11320754717, 0.0607594936709, 0.041095890411, 0.016393442623, 0.037037037037, 0,0.174242424242, 0,0,0.0104166666667, 0.714285714286, 0.225108225108, 
ORF8:Y73C, 0.373443983402, 0.48275862069, 0.742857142857, 0.452380952381, 0.890459363958, 0.896147403685, 0.757281553398, 0.670391061453, 0.805031446541, 0.815189873418, 0.876712328767, 0.918032786885, 0.925925925926, 0.959595959596, 0.568181818182, 0.872340425532, 0.919254658385, 0.9375, 0,0.718614718615, 
S:D950N, 0,0,0,0,0,0,0,0,0,0,0,0,0,0,0,0,0.0248447204969, 0.0104166666667, 0,0,
ORF1a:A1708D, 0.365145228216, 0.48275862069, 0.742857142857, 0.452380952381, 0.893992932862, 0.902847571189, 0.757281553398, 0.673184357542, 0.809224318658, 0.812658227848, 0.883561643836, 0.918032786885, 0.907407407407, 0.959595959596, 0.575757575758, 0.872340425532, 0.950310559006, 0.947916666667, 0,0.714285714286, 
ORF1a:P2950S, 0,0,0,0,0,0.00167504187605, 0,0,0,0,0.00342465753425, 0,0.111111111111, 0,0,0,0.0124223602484, 0,0,0.047619047619, 
ORF7a:V82A, 0,0,0,0,0,0,0,0,0,0,0,0,0,0.010101010101, 0.00757575757576, 0.0212765957447, 0,0,0,0,
ORF1a:M4241I, 0.360995850622, 0.344827586207, 0.185714285714, 0.333333333333, 0.0918727915194, 0.0485762144054, 0.155339805825, 0.245810055866, 0.111111111111, 0.0632911392405, 0.041095890411, 0.016393442623, 0.037037037037, 0,0.174242424242, 0,0,0.0104166666667, 0.714285714286, 0.225108225108, 
S:D614G, 0.995850622407, 1.0, 1.0, 1.0, 1.0, 0.994974874372, 0.995145631068, 0.997206703911, 0.997903563941, 0.984810126582, 1.0, 1.0, 1.0, 1.0, 0.992424242424, 1.0, 0.993788819876, 1.0, 1.0, 1.0, 
S:A570D, 0.365145228216, 0.48275862069, 0.742857142857, 0.452380952381, 0.893992932862, 0.901172529313, 0.757281553398, 0.675977653631, 0.8071278826, 0.764556962025, 0.883561643836, 0.918032786885, 0.907407407407, 0.454545454545, 0.575757575758, 0.872340425532, 0.950310559006, 0.947916666667, 0,0.718614718615, 
ORF14:G50N, 0.46887966805, 0.51724137931, 0.771428571429, 0.47619047619, 0.865724381625, 0.881072026801, 0.769417475728, 0.695530726257, 0.813417190776, 0.840506329114, 0.900684931507, 0.918032786885, 0.907407407407, 0.969696969697, 0.689393939394, 0.872340425532, 0.975155279503, 0.96875, 0.142857142857, 0.722943722944, 
ORF1b:R1365L, 0,0,0,0,0,0,0,0,0,0,0.0513698630137, 0.0327868852459, 0,0,0.136363636364, 0.404255319149, 0,0.0208333333333, 0,0,
S:L452R, 0.00414937759336, 0,0,0,0,0,0.00242718446602, 0.00558659217877, 0,0,0,0,0,0.010101010101, 0.00757575757576, 0.0212765957447, 0.0248447204969, 0.0208333333333, 0,0,
ORF14:E51Q, 0.352697095436, 0.48275862069, 0.714285714286, 0.428571428571, 0.826855123675, 0.849246231156, 0.68932038835, 0.648044692737, 0.771488469602, 0.774683544304, 0.849315068493, 0.868852459016, 0.888888888889, 0.929292929293, 0.55303030303, 0.787234042553, 0.894409937888, 0.90625, 0,0.670995670996, 
N:G204R, 0.0995850622407, 0.0344827586207, 0.0571428571429, 0.047619047619, 0.0388692579505, 0.0217755443886, 0.0339805825243, 0.0391061452514, 0.0398322851153, 0.0658227848101, 0.0513698630137, 0.0491803278689, 0.037037037037, 0.040404040404, 0.136363636364, 0.0851063829787, 0.0807453416149, 0.0625, 0.142857142857, 0.047619047619, 
S:D1118H, 0.365145228216, 0.48275862069, 0.742857142857, 0.452380952381, 0.893992932862, 0.901172529313, 0.759708737864, 0.675977653631, 0.8071278826, 0.805063291139, 0.883561643836, 0.934426229508, 0.907407407407, 0.959595959596, 0.583333333333, 0.893617021277, 0.950310559006, 0.947916666667, 0,0.718614718615, 
S:E484K, 0,0,0,0,0,0.00335008375209, 0.0121359223301, 0.00558659217877, 0.0041928721174, 0.0481012658228, 0.0513698630137, 0.0491803278689, 0.0185185185185, 0.030303030303, 0.030303030303, 0.127659574468, 0,0.0104166666667, 0,0.017316017316, 
S:T716I, 0.365145228216, 0.48275862069, 0.742857142857, 0.452380952381, 0.893992932862, 0.901172529313, 0.757281553398, 0.675977653631, 0.8071278826, 0.80253164557, 0.883561643836, 0.918032786885, 0.907407407407, 0.959595959596, 0.575757575758, 0.872340425532, 0.950310559006, 0.947916666667, 0,0.718614718615, 
S:P681R, 0,0,0,0,0,0,0,0.00279329608939, 0,0,0,0,0,0.010101010101, 0.00757575757576, 0.0212765957447, 0.0248447204969, 0.0104166666667, 0,0,
S:V70-, 0.738589211618, 0.827586206897, 0.928571428571, 0.785714285714, 0.985865724382, 0.949748743719, 0.912621359223, 0.924581005587, 0.924528301887, 0.873417721519, 0.924657534247, 0.950819672131, 0.962962962963, 0.959595959596, 0.757575757576, 0.893617021277, 0.950310559006, 0.958333333333, 0.714285714286, 0.943722943723, 
ORF1b:R1366D, 0,0,0,0,0,0,0,0,0,0,0.0513698630137, 0.0327868852459, 0,0,0.136363636364, 0.404255319149, 0,0.0104166666667, 0,0,
ORF1a:S3675-, 0.365145228216, 0.448275862069, 0.728571428571, 0.452380952381, 0.893992932862, 0.876046901173, 0.76213592233, 0.673184357542, 0.8071278826, 0.860759493671, 0.914383561644, 0.967213114754, 0.925925925926, 0.989898989899, 0.606060606061, 0.978723404255, 0.950310559006, 0.958333333333, 0,0.731601731602, 
N:D63G, 0,0,0,0,0,0,0,0,0,0,0,0,0,0,0,0,0.0124223602484, 0.0104166666667, 0,0,
M:I82T, 0.00414937759336, 0,0,0,0,0,0,0,0,0,0,0,0,0.010101010101, 0.0151515151515, 0,0.0248447204969, 0.0104166666667, 0,0,
N:S235F, 0.348547717842, 0.48275862069, 0.728571428571, 0.404761904762, 0.6925795053, 0.641541038526, 0.614077669903, 0.656424581006, 0.794549266247, 0.815189873418, 0.880136986301, 0.918032786885, 0.907407407407, 0.949494949495, 0.583333333333, 0.851063829787, 0.95652173913, 0.9375, 0,0.705627705628, 
ORF8:R52I, 0.365145228216, 0.48275862069, 0.742857142857, 0.452380952381, 0.883392226148, 0.892797319933, 0.754854368932, 0.662011173184, 0.82180293501, 0.789873417722, 0.876712328767, 0.918032786885, 0.944444444444, 0.939393939394, 0.568181818182, 0.872340425532, 0.714285714286, 0.895833333333, 0,0.709956709957, 
ORF6:D61A, 0,0,0,0,0,0,0,0,0,0,0.0102739726027, 0,0,0,0.0378787878788, 0.382978723404, 0.00621118012422, 0.0520833333333, 0,0,
ORF1a:E3764D, 0.0705394190871, 0.172413793103, 0.0142857142857, 0.0238095238095, 0.0141342756184, 0.00670016750419, 0.0412621359223, 0.0949720670391, 0.0062893081761, 0.0227848101266, 0.00684931506849, 0.016393442623, 0,0,0.030303030303, 0,0,0,0.142857142857, 0.0649350649351, 
S:F157-, 0,0,0,0,0,0,0,0,0,0,0,0,0,0,0,0,0.0248447204969, 0.0104166666667, 0,0,
ORF1a:I2501T, 0.360995850622, 0.344827586207, 0.185714285714, 0.333333333333, 0.0918727915194, 0.0502512562814, 0.162621359223, 0.251396648045, 0.115303983229, 0.0683544303797, 0.0479452054795, 0.016393442623, 0.037037037037, 0,0.174242424242, 0,0,0.0104166666667, 0.714285714286, 0.225108225108, 
ORF1a:G1073V, 0,0.0344827586207, 0.0142857142857, 0,0,0.00502512562814, 0.0145631067961, 0.00558659217877, 0.0083857442348, 0.0177215189873, 0.00342465753425, 0.0491803278689, 0.12962962963, 0.020202020202, 0,0.0212765957447, 0.0248447204969, 0.0104166666667, 0,0.047619047619, 
N:D3L, 0.356846473029, 0.51724137931, 0.728571428571, 0.404761904762, 0.6925795053, 0.644891122278, 0.611650485437, 0.656424581006, 0.796645702306, 0.822784810127, 0.883561643836, 0.918032786885, 0.907407407407, 0.959595959596, 0.583333333333, 0.851063829787, 0.944099378882, 0.947916666667, 0,0.705627705628, 
ORF8:F120-, 0,0,0,0,0,0,0,0,0,0,0,0,0,0,0,0,0.0248447204969, 0.0104166666667, 0,0,
ORF1a:T265I, 0.00829875518672, 0,0,0,0.00353356890459, 0,0.0145631067961, 0.0111731843575, 0.0083857442348, 0.0481012658228, 0.0342465753425, 0.0327868852459, 0.0185185185185, 0.020202020202, 0,0.127659574468, 0.0124223602484, 0.0104166666667, 0,0.017316017316, 
ORF1b:H1213Y, 0.360995850622, 0.344827586207, 0.171428571429, 0.333333333333, 0.0918727915194, 0.0502512562814, 0.162621359223, 0.251396648045, 0.11320754717, 0.0658227848101, 0.0479452054795, 0.016393442623, 0.037037037037, 0,0.174242424242, 0,0,0.0104166666667, 0.714285714286, 0.225108225108, 
ORF1a:I2230T, 0.373443983402, 0.48275862069, 0.742857142857, 0.452380952381, 0.893992932862, 0.901172529313, 0.759708737864, 0.675977653631, 0.809224318658, 0.807594936709, 0.883561643836, 0.918032786885, 0.888888888889, 0.959595959596, 0.568181818182, 0.851063829787, 0.944099378882, 0.947916666667, 0,0.722943722944, 
ORF1a:T1001I, 0.365145228216, 0.48275862069, 0.742857142857, 0.452380952381, 0.893992932862, 0.904522613065, 0.757281553398, 0.673184357542, 0.811320754717, 0.810126582278, 0.883561643836, 0.918032786885, 0.907407407407, 0.959595959596, 0.583333333333, 0.872340425532, 0.950310559006, 0.947916666667, 0,0.705627705628, 
S:P681H, 0.365145228216, 0.48275862069, 0.742857142857, 0.452380952381, 0.901060070671, 0.91122278057, 0.759708737864, 0.68156424581, 0.809224318658, 0.807594936709, 0.883561643836, 0.934426229508, 0.907407407407, 0.959595959596, 0.606060606061, 0.893617021277, 0.944099378882, 0.958333333333, 0,0.718614718615, 
ORF1a:G3676-, 0.365145228216, 0.448275862069, 0.728571428571, 0.452380952381, 0.893992932862, 0.876046901173, 0.76213592233, 0.673184357542, 0.8071278826, 0.860759493671, 0.914383561644, 0.967213114754, 0.925925925926, 0.989898989899, 0.606060606061, 0.978723404255, 0.950310559006, 0.958333333333, 0,0.731601731602, 
ORF3a:S26L, 0,0,0,0,0.00353356890459, 0,0.00485436893204, 0,0,0,0,0,0,0.010101010101, 0.00757575757576, 0.0212765957447, 0.0248447204969, 0.0104166666667, 0,0,
ORF1b:A1521S, 0.356846473029, 0.344827586207, 0.171428571429, 0.333333333333, 0.0918727915194, 0.0485762144054, 0.155339805825, 0.245810055866, 0.111111111111, 0.0607594936709, 0.041095890411, 0.016393442623, 0.037037037037, 0,0.174242424242, 0,0,0.0104166666667, 0.714285714286, 0.225108225108, 
N:R203K, 0.452282157676, 0.51724137931, 0.757142857143, 0.428571428571, 0.703180212014, 0.653266331658, 0.626213592233, 0.673184357542, 0.805031446541, 0.840506329114, 0.900684931507, 0.918032786885, 0.907407407407, 0.969696969697, 0.689393939394, 0.872340425532, 0.975155279503, 0.96875, 0.142857142857, 0.714285714286, 
N:R203M, 0,0,0,0,0,0,0,0,0,0,0,0,0,0.010101010101, 0.00757575757576, 0.0212765957447, 0.0186335403727, 0.0104166666667, 0,0,
N:D377Y, 0,0,0,0,0,0,0,0,0.0041928721174, 0,0,0,0,0.010101010101, 0.00757575757576, 0.0212765957447, 0.0434782608696, 0.0104166666667, 0,0,
ORF1a:S4398L, 0,0,0.0142857142857, 0,0.017667844523, 0.0100502512563, 0.00970873786408, 0.0111731843575, 0.0167714884696, 0.00759493670886, 0.00684931506849, 0.0491803278689, 0.111111111111, 0.020202020202, 0,0.0212765957447, 0.0310559006211, 0.0520833333333, 0,0.00865800865801, 
M:A63T, 0,0,0,0,0,0,0,0,0,0,0,0,0,0,0.0151515151515, 0.106382978723, 0,0.0208333333333, 0,0,
S:Y144-, 0.360995850622, 0.48275862069, 0.757142857143, 0.452380952381, 0.890459363958, 0.902847571189, 0.76213592233, 0.678770949721, 0.8071278826, 0.810126582278, 0.883561643836, 0.934426229508, 0.907407407407, 0.969696969697, 0.590909090909, 0.893617021277, 0.950310559006, 0.9375, 0,0.718614718615, 
N:G204P, 0.344398340249, 0.48275862069, 0.7, 0.380952380952, 0.664310954064, 0.63149078727, 0.584951456311, 0.625698324022, 0.761006289308, 0.774683544304, 0.849315068493, 0.868852459016, 0.87037037037, 0.929292929293, 0.55303030303, 0.787234042553, 0.894409937888, 0.895833333333, 0,0.662337662338, 
ORF8:D119-, 0,0,0,0,0,0,0,0,0,0,0,0,0,0,0,0,0.0248447204969, 0.0104166666667, 0,0,
S:L18F, 0,0.0344827586207, 0.0142857142857, 0.0119047619048, 0.00706713780919, 0.00335008375209, 0.0169902912621, 0.0139664804469, 0.0188679245283, 0.0481012658228, 0.0308219178082, 0.0327868852459, 0.0185185185185, 0.010101010101, 0.0151515151515, 0.106382978723, 0.00621118012422, 0,0,0.017316017316, 
other, 0.821576763485, 0.724137931034, 0.528571428571, 0.869047619048, 0.734982332155, 0.72864321608, 0.842233009709, 0.877094972067, 0.794549266247, 0.817721518987, 0.883561643836, 0.885245901639, 0.944444444444, 0.89898989899, 0.893939393939, 1.0, 0.950310559006, 0.916666666667, 1.0, 0.896103896104, 