,01-2021_287,02-2021_36,03-2021_60,04-2021_70,05-2021_308,06-2021_363,07-2021_254,08-2021_280,09-2021_226,10-2021_292,11-2021_273,12-2021_147,13-2021_191,14-2021_324,15-2021_312,16-2021_375,17-2021_351,18-2021_187,19-2021_201,20-2021_110,2020_4,21-2021_42,22-2021_78,23-2021_89,24-2021_21,25-2021_3,53-2021_10,NA_114,pocet
ORF1b:N2694K, 0,0,0,0,0,0,0,0,0,0,0.00732600732601, 0.0272108843537, 0,0,0,0,0,0.00534759358289, 0.00497512437811, 0.00909090909091, 0,0.119047619048, 0.166666666667, 0.134831460674, 0,0,0,0,39, 
ORF1a:Y2281D, 0,0,0,0,0,0,0,0,0,0,0.003663003663, 0.0204081632653, 0.00523560209424, 0,0,0,0,0.0106951871658, 0.00497512437811, 0.0545454545455, 0,0.166666666667, 0.179487179487, 0.123595505618, 0,0,0,0,46, 
ORF1b:P314L, 0.996515679443, 1.0, 1.0, 1.0, 1.0, 1.0, 0.992125984252, 0.989285714286, 0.986725663717, 0.996575342466, 0.989010989011, 1.0, 0.984293193717, 0.935185185185, 0.996794871795, 0.989333333333, 0.977207977208, 0.994652406417, 0.995024875622, 1.0, 1.0, 1.0, 1.0, 1.0, 1.0, 1.0, 1.0, 0.710526315789, 4923, 
ORF1a:E3177*, 0,0,0,0,0,0,0,0,0,0,0.003663003663, 0.0272108843537, 0.00523560209424, 0,0,0,0,0.0160427807487, 0.0149253731343, 0.0545454545455, 0,0.190476190476, 0.217948717949, 0.134831460674, 0,0,0,0,55, 
ORF1a:P2260S, 0,0.111111111111, 0,0,0,0,0.00393700787402, 0.0142857142857, 0.00442477876106, 0,0,0,0,0,0,0,0,0,0,0,0,0,0,0,0,0,0,0,10, 
ORF7a:T120I, 0.00696864111498, 0,0,0,0,0,0,0,0,0,0,0,0,0,0,0.00533333333333, 0.017094017094, 0.0160427807487, 0.00497512437811, 0,0,0.0238095238095, 0.0128205128205, 0.0112359550562, 0.047619047619, 0,0,0,18, 
ORF1a:P1010L, 0,0,0,0,0,0,0,0,0,0,0,0,0,0,0,0,0,0,0,0,0,0,0,0,0.285714285714, 1.0, 0,0,9, 
ORF3a:S166L, 0,0,0,0,0,0,0,0.00357142857143, 0,0,0,0,0.00523560209424, 0.00308641975309, 0,0.00266666666667, 0,0,0.00497512437811, 0,0,0.142857142857, 0.025641025641, 0.0112359550562, 0,0,0,0,14, 
ORF1a:D2136V, 0,0,0,0,0,0,0,0,0,0,0,0.0136054421769, 0.00523560209424, 0,0,0,0,0.00534759358289, 0.00497512437811, 0.0181818181818, 0,0.119047619048, 0.0769230769231, 0.0898876404494, 0,0,0,0,26, 
ORF1a:Y2384*, 0,0,0,0,0,0,0,0,0,0,0,0.0272108843537, 0,0,0,0,0,0.0160427807487, 0.00995024875622, 0.0454545454545, 0,0.0714285714286, 0.153846153846, 0.0224719101124, 0,0,0,0,31, 
ORF8:Q27*, 0.397212543554, 0.472222222222, 0.666666666667, 0.442857142857, 0.847402597403, 0.876033057851, 0.673228346457, 0.757142857143, 0.743362831858, 0.804794520548, 0.838827838828, 0.91156462585, 0.96335078534, 0.962962962963, 0.766025641026, 0.861333333333, 0.928774928775, 0.850267379679, 0.930348258706, 0.809090909091, 0.5, 0.714285714286, 0.641025641026, 0.865168539326, 0.619047619048, 0.333333333333, 0,0.631578947368, 3994, 
S:I794N, 0,0,0,0,0,0,0,0,0,0,0.00732600732601, 0.0408163265306, 0.00523560209424, 0,0,0,0,0.0160427807487, 0.0149253731343, 0.0545454545455, 0,0.190476190476, 0.230769230769, 0.14606741573, 0,0,0,0,60, 
ORF1a:F3677L, 0,0,0,0,0,0,0,0,0,0,0,0,0,0,0,0,0.002849002849, 0.00534759358289, 0.28855721393, 0.127272727273, 0,0,0.0128205128205, 0.0224719101124, 0,0,0,0,77, 
ORF1a:F3677-, 0.362369337979, 0.416666666667, 0.65, 0.428571428571, 0.844155844156, 0.831955922865, 0.677165354331, 0.753571428571, 0.756637168142, 0.849315068493, 0.860805860806, 0.809523809524, 0.96335078534, 0.978395061728, 0.785256410256, 0.922666666667, 0.954415954416, 0.887700534759, 0.65671641791, 0.736363636364, 0.25, 0.738095238095, 0.641025641026, 0.786516853933, 0.666666666667, 0.333333333333, 0,0.666666666667, 3955, 
S:N501Y, 0.372822299652, 0.472222222222, 0.666666666667, 0.428571428571, 0.844155844156, 0.876033057851, 0.692913385827, 0.75, 0.761061946903, 0.832191780822, 0.857142857143, 0.925170068027, 0.96335078534, 0.87962962963, 0.75641025641, 0.933333333333, 0.94301994302, 0.887700534759, 0.935323383085, 0.863636363636, 0,0.738095238095, 0.705128205128, 0.887640449438, 0.666666666667, 0.333333333333, 0,0.315789473684, 3994, 
ORF1a:I2230T, 0.372822299652, 0.444444444444, 0.666666666667, 0.428571428571, 0.847402597403, 0.876033057851, 0.673228346457, 0.75, 0.738938053097, 0.791095890411, 0.842490842491, 0.91156462585, 0.952879581152, 0.962962962963, 0.762820512821, 0.864, 0.94301994302, 0.860962566845, 0.930348258706, 0.809090909091, 0.25, 0.690476190476, 0.692307692308, 0.865168539326, 0.619047619048, 0,0,0.666666666667, 3989, 
ORF14:G50W, 0,0,0,0,0,0,0,0,0,0,0,0,0,0.00308641975309, 0.00320512820513, 0.032, 0.011396011396, 0.0695187165775, 0.0298507462687, 0.109090909091, 0,0.142857142857, 0.217948717949, 0.101123595506, 0.333333333333, 0.666666666667, 0,0,90, 
ORF1a:L642V, 0,0,0,0,0,0,0,0,0,0,0.003663003663, 0.0204081632653, 0,0,0,0,0,0,0,0.0272727272727, 0,0.0952380952381, 0.166666666667, 0.0898876404494, 0,0,0,0,32, 
S:D215H, 0,0,0,0,0,0,0,0.00357142857143, 0,0,0.003663003663, 0,0.0104712041885, 0.0216049382716, 0.0128205128205, 0,0.002849002849, 0.0267379679144, 0.0149253731343, 0,0,0.190476190476, 0.0384615384615, 0.0337078651685, 0,0,0,0,38, 
S:G142D, 0,0,0,0,0,0,0,0,0,0,0,0,0,0.00308641975309, 0.00320512820513, 0.032, 0.002849002849, 0.0641711229947, 0.0298507462687, 0.109090909091, 0,0.142857142857, 0.217948717949, 0.101123595506, 0.333333333333, 0.666666666667, 0,0,86, 
ORF7a:I10T, 0,0,0,0,0,0,0,0,0,0,0,0,0,0,0,0,0,0,0,0,0,0,0,0.101123595506, 0,0,0,0,9, 
ORF1a:V3718A, 0.00348432055749, 0,0,0,0,0,0,0,0,0,0,0,0,0,0,0.024, 0.002849002849, 0.0267379679144, 0.0248756218905, 0.109090909091, 0,0.0952380952381, 0.205128205128, 0.0786516853933, 0.285714285714, 1.0, 0,0,69, 
ORF1b:P1000L, 0,0,0,0,0,0,0,0,0,0,0,0,0,0,0,0.0293333333333, 0.014245014245, 0.0695187165775, 0.0298507462687, 0.118181818182, 0,0.119047619048, 0.230769230769, 0.101123595506, 0.333333333333, 1.0, 0,0,90, 
ORF1a:L3180R, 0,0,0,0.0142857142857, 0.00324675324675, 0,0,0.0428571428571, 0,0.013698630137, 0.00732600732601, 0.0340136054422, 0.00523560209424, 0,0,0,0,0.00534759358289, 0.00995024875622, 0.0363636363636, 0,0.0238095238095, 0.102564102564, 0.0337078651685, 0,0,0,0,45, 
ORF1a:I453T, 0,0,0,0,0,0,0,0,0.00442477876106, 0,0,0,0.00523560209424, 0,0,0.024, 0,0.0160427807487, 0.00497512437811, 0.109090909091, 0,0.0952380952381, 0.192307692308, 0.0674157303371, 0,0,0,0,52, 
ORF1b:P1570L, 0,0,0,0,0,0,0,0,0,0.00684931506849, 0.003663003663, 0.00680272108844, 0,0,0,0.024, 0.002849002849, 0.0160427807487, 0.00497512437811, 0.109090909091, 0,0.0952380952381, 0.179487179487, 0.0674157303371, 0,0,0,0,54, 
ORF1a:T3750I, 0,0,0,0.0428571428571, 0,0,0.011811023622, 0,0,0,0,0,0,0,0,0,0,0.00534759358289, 0.00995024875622, 0,0,0,0.0128205128205, 0,0.285714285714, 1.0, 0,0,19, 
S:N122K, 0,0,0,0,0,0,0,0,0,0,0.00732600732601, 0.0408163265306, 0.00523560209424, 0,0,0,0,0.0160427807487, 0.0149253731343, 0.0545454545455, 0,0.166666666667, 0.153846153846, 0.0561797752809, 0,0,0,0,45, 
ORF1a:I2501T, 0.372822299652, 0.361111111111, 0.216666666667, 0.371428571429, 0.11038961039, 0.068870523416, 0.208661417323, 0.182142857143, 0.181415929204, 0.116438356164, 0.0842490842491, 0.047619047619, 0.0261780104712, 0.00308641975309, 0.108974358974, 0.0133333333333, 0.00569800569801, 0.00534759358289, 0,0.00909090909091, 0.5, 0,0.0128205128205, 0,0,0,0.7, 0.114035087719, 499, 
ORF1a:T1542I, 0,0.111111111111, 0,0,0,0,0,0.00357142857143, 0,0,0,0,0.00523560209424, 0,0,0,0,0,0,0,0,0,0,0,0,0,0,0,6, 
S:T19R, 0,0,0,0,0,0,0,0,0,0,0,0,0,0,0,0.0293333333333, 0.014245014245, 0.0641711229947, 0.0298507462687, 0.109090909091, 0,0.142857142857, 0.217948717949, 0.101123595506, 0.333333333333, 1.0, 0,0,88, 
ORF1a:M4390R, 0,0,0,0,0,0,0,0,0,0,0.00732600732601, 0.0204081632653, 0.00523560209424, 0,0,0,0,0.0106951871658, 0.0149253731343, 0.0545454545455, 0,0.166666666667, 0.192307692308, 0.134831460674, 0,0,0,0,51, 
ORF1a:F3183V, 0,0.0555555555556, 0,0.0142857142857, 0.00324675324675, 0,0,0.0321428571429, 0,0.00684931506849, 0.010989010989, 0.0340136054422, 0,0,0,0,0,0.00534759358289, 0.00497512437811, 0.0272727272727, 0,0.142857142857, 0.166666666667, 0.134831460674, 0,0,0,0,59, 
ORF1a:R3542C, 0,0,0,0,0.00324675324675, 0,0,0,0,0.00342465753425, 0,0,0,0,0,0,0,0,0,0,0,0,0.166666666667, 0.0561797752809, 0,0,0,0,20, 
S:T478K, 0,0,0,0,0,0,0,0,0,0,0,0,0,0,0,0.0373333333333, 0.017094017094, 0.0641711229947, 0.0298507462687, 0.109090909091, 0,0.142857142857, 0.230769230769, 0.101123595506, 0.333333333333, 1.0, 0,0,93, 
S:E156-, 0,0,0,0,0,0,0,0,0,0,0,0,0,0,0,0.0293333333333, 0.014245014245, 0.0641711229947, 0.0298507462687, 0.118181818182, 0,0.142857142857, 0.24358974359, 0.101123595506, 0.285714285714, 0,0,0,87, 
ORF1b:P1675L, 0,0,0,0,0,0,0,0,0,0,0,0,0,0,0,0.024, 0,0,0.00497512437811, 0.109090909091, 0,0.0952380952381, 0.0128205128205, 0.0112359550562, 0,0,0,0,28, 
S:N439K, 0.369337979094, 0.361111111111, 0.216666666667, 0.371428571429, 0.11038961039, 0.068870523416, 0.204724409449, 0.185714285714, 0.181415929204, 0.116438356164, 0.0805860805861, 0.047619047619, 0.0314136125654, 0.00308641975309, 0.108974358974, 0.0133333333333, 0.00569800569801, 0.00534759358289, 0,0.00909090909091, 0.5, 0,0.0128205128205, 0,0,0,0.7, 0.122807017544, 499, 
ORF14:L52H, 0,0,0,0,0,0,0,0,0,0,0.00732600732601, 0.0204081632653, 0.00523560209424, 0,0,0,0,0.0106951871658, 0.0149253731343, 0.0272727272727, 0,0.119047619048, 0.0897435897436, 0.0224719101124, 0,0,0,0,28, 
S:S982A, 0.372822299652, 0.444444444444, 0.666666666667, 0.428571428571, 0.847402597403, 0.878787878788, 0.669291338583, 0.746428571429, 0.738938053097, 0.777397260274, 0.824175824176, 0.91156462585, 0.958115183246, 0.966049382716, 0.766025641026, 0.869333333333, 0.945868945869, 0.866310160428, 0.945273631841, 0.809090909091, 0,0.690476190476, 0.692307692308, 0.85393258427, 0.666666666667, 0,0,0.631578947368, 3984, 
ORF1a:A3209V, 0,0,0,0,0,0,0.00393700787402, 0.00357142857143, 0,0,0,0,0,0.00308641975309, 0.0128205128205, 0.024, 0.002849002849, 0.0267379679144, 0.0248756218905, 0.109090909091, 0,0.119047619048, 0.205128205128, 0.0786516853933, 0.285714285714, 1.0, 0,0,76, 
ORF1b:G662S, 0,0,0,0,0,0,0,0,0,0,0,0,0,0,0,0.032, 0.014245014245, 0.0641711229947, 0.0298507462687, 0.109090909091, 0,0.142857142857, 0.205128205128, 0.101123595506, 0.333333333333, 1.0, 0,0,88, 
ORF1b:V711I, 0.365853658537, 0.361111111111, 0.2, 0.371428571429, 0.11038961039, 0.0661157024793, 0.196850393701, 0.178571428571, 0.172566371681, 0.11301369863, 0.0805860805861, 0.047619047619, 0.0261780104712, 0.00308641975309, 0.108974358974, 0.0133333333333, 0.00569800569801, 0.00534759358289, 0,0.00909090909091, 0.5, 0,0.0128205128205, 0,0,0,0.7, 0.114035087719, 487, 
ORF8:Y73C, 0.379790940767, 0.472222222222, 0.666666666667, 0.442857142857, 0.844155844156, 0.873278236915, 0.669291338583, 0.753571428571, 0.734513274336, 0.804794520548, 0.838827838828, 0.91156462585, 0.958115183246, 0.962962962963, 0.762820512821, 0.858666666667, 0.931623931624, 0.850267379679, 0.930348258706, 0.809090909091, 0.5, 0.690476190476, 0.641025641026, 0.865168539326, 0.619047619048, 0,0,0.631578947368, 3979, 
S:D950N, 0,0,0,0,0,0,0,0,0,0,0,0,0,0,0,0.0293333333333, 0.014245014245, 0.0641711229947, 0.0298507462687, 0.109090909091, 0,0.142857142857, 0.217948717949, 0.101123595506, 0.333333333333, 1.0, 0,0,88, 
ORF1a:K2200N, 0,0,0,0,0,0,0,0,0,0,0,0,0,0,0,0.024, 0,0.0160427807487, 0.00497512437811, 0.109090909091, 0,0.0952380952381, 0.192307692308, 0.0674157303371, 0,0,0,0,50, 
ORF1a:N2451D, 0,0,0,0,0,0,0,0,0,0,0.00732600732601, 0.0408163265306, 0.00523560209424, 0,0,0,0,0.0106951871658, 0.0149253731343, 0.0545454545455, 0,0.190476190476, 0.230769230769, 0.14606741573, 0,0,0,0,59, 
ORF1a:K2511N, 0,0,0,0,0,0,0,0,0,0,0.003663003663, 0.0272108843537, 0,0.00308641975309, 0.0128205128205, 0,0,0.0160427807487, 0.00995024875622, 0.00909090909091, 0,0.047619047619, 0.128205128205, 0.0561797752809, 0,0,0,0,33, 
ORF1a:R2686P, 0,0,0,0,0,0,0,0,0,0,0.00732600732601, 0.0340136054422, 0.00523560209424, 0,0,0,0,0.0106951871658, 0.0149253731343, 0.0545454545455, 0,0.190476190476, 0.217948717949, 0.14606741573, 0,0,0,0,57, 
ORF1a:A1708D, 0.369337979094, 0.444444444444, 0.666666666667, 0.428571428571, 0.844155844156, 0.876033057851, 0.669291338583, 0.75, 0.734513274336, 0.794520547945, 0.842490842491, 0.91156462585, 0.958115183246, 0.962962962963, 0.766025641026, 0.869333333333, 0.945868945869, 0.866310160428, 0.935323383085, 0.818181818182, 0,0.690476190476, 0.692307692308, 0.865168539326, 0.619047619048, 0,0,0.666666666667, 3993, 
ORF7a:V82A, 0,0,0,0,0,0,0,0,0,0,0,0,0,0.00308641975309, 0.00320512820513, 0.0186666666667, 0.002849002849, 0.0641711229947, 0.0298507462687, 0.1, 0,0.142857142857, 0.179487179487, 0.0898876404494, 0.333333333333, 1.0, 0,0,77, 
ORF1a:L4391R, 0,0,0,0,0,0,0,0,0,0,0.00732600732601, 0.0204081632653, 0.00523560209424, 0,0,0,0,0.0106951871658, 0.0149253731343, 0.0454545454545, 0,0.166666666667, 0.179487179487, 0.123595505618, 0,0,0,0,48, 
ORF1a:S2695G, 0,0,0,0,0,0,0,0,0,0,0.00732600732601, 0.0340136054422, 0.00523560209424, 0,0,0,0,0.0106951871658, 0.0149253731343, 0.0454545454545, 0,0.190476190476, 0.192307692308, 0.14606741573, 0,0,0,0,54, 
ORF1a:M4241I, 0.369337979094, 0.361111111111, 0.216666666667, 0.371428571429, 0.107142857143, 0.0661157024793, 0.196850393701, 0.178571428571, 0.172566371681, 0.11301369863, 0.0805860805861, 0.047619047619, 0.0261780104712, 0.00308641975309, 0.108974358974, 0.0133333333333, 0.00569800569801, 0.00534759358289, 0,0.00909090909091, 0.5, 0,0.0128205128205, 0,0,0,0.7, 0.114035087719, 488, 
S:D614G, 0.996515679443, 1.0, 1.0, 1.0, 1.0, 0.997245179063, 0.996062992126, 1.0, 1.0, 0.97602739726, 0.978021978022, 1.0, 0.994764397906, 1.0, 0.996794871795, 1.0, 0.997150997151, 1.0, 1.0, 1.0, 1.0, 1.0, 1.0, 0.988764044944, 1.0, 1.0, 1.0, 0.956140350877, 4983, 
ORF14:G50N, 0.466898954704, 0.555555555556, 0.716666666667, 0.471428571429, 0.850649350649, 0.873278236915, 0.688976377953, 0.771428571429, 0.752212389381, 0.811643835616, 0.85347985348, 0.918367346939, 0.96335078534, 0.972222222222, 0.826923076923, 0.885333333333, 0.974358974359, 0.919786096257, 0.950248756219, 0.845454545455, 0.25, 0.857142857143, 0.769230769231, 0.876404494382, 0.666666666667, 0.333333333333, 0.1, 0.736842105263, 4137, 
S:A222V, 0.01393728223, 0,0,0,0.00649350649351, 0.00275482093664, 0.0157480314961, 0.0142857142857, 0,0,0.003663003663, 0,0,0.00617283950617, 0.00961538461538, 0,0.011396011396, 0.00534759358289, 0.00995024875622, 0,0,0,0.0128205128205, 0,0.285714285714, 1.0, 0.1, 0,39, 
ORF1a:T2648I, 0,0,0,0,0,0,0,0,0.00442477876106, 0,0.003663003663, 0.00680272108844, 0,0,0,0.00266666666667, 0.014245014245, 0,0,0,0,0,0,0,0.285714285714, 1.0, 0,0,18, 
ORF1a:S3256T, 0,0,0,0,0,0,0,0,0,0,0.00732600732601, 0.0408163265306, 0.00523560209424, 0,0,0,0,0.0160427807487, 0.0149253731343, 0.0545454545455, 0,0.166666666667, 0.217948717949, 0.134831460674, 0,0,0,0,57, 
S:L452R, 0.00348432055749, 0,0,0,0,0,0.00393700787402, 0.00357142857143, 0,0,0,0,0,0.00308641975309, 0.00320512820513, 0.0346666666667, 0.022792022792, 0.096256684492, 0.0497512437811, 0.118181818182, 0,0.238095238095, 0.25641025641, 0.101123595506, 0.333333333333, 1.0, 0,0,116, 
ORF14:E51Q, 0.376306620209, 0.472222222222, 0.65, 0.428571428571, 0.772727272727, 0.840220385675, 0.610236220472, 0.728571428571, 0.694690265487, 0.780821917808, 0.81684981685, 0.884353741497, 0.921465968586, 0.929012345679, 0.730769230769, 0.805333333333, 0.883190883191, 0.850267379679, 0.845771144279, 0.736363636364, 0,0.666666666667, 0.692307692308, 0.808988764045, 0.619047619048, 0.333333333333, 0,0.631578947368, 3801, 
ORF1a:H83Q, 0,0,0,0,0,0,0,0,0,0,0.003663003663, 0.00680272108844, 0.00523560209424, 0,0,0,0,0.0106951871658, 0.00995024875622, 0.0545454545455, 0,0.166666666667, 0.192307692308, 0.0898876404494, 0,0,0,0,43, 
S:R158G, 0,0,0,0,0,0,0,0,0,0,0,0,0,0,0,0.0293333333333, 0.014245014245, 0.0641711229947, 0.0298507462687, 0.109090909091, 0,0.142857142857, 0.217948717949, 0.101123595506, 0.285714285714, 0,0,0,84, 
N:G204R, 0.0836236933798, 0.0833333333333, 0.0666666666667, 0.0428571428571, 0.0779220779221, 0.0330578512397, 0.0669291338583, 0.0321428571429, 0.0442477876106, 0.0308219178082, 0.03663003663, 0.0340136054422, 0.0471204188482, 0.0432098765432, 0.099358974359, 0.08, 0.0911680911681, 0.0695187165775, 0.10447761194, 0.118181818182, 0.25, 0.190476190476, 0.0769230769231, 0.0674157303371, 0.047619047619, 0,0.1, 0.105263157895, 328, 
S:T791K, 0,0,0,0,0,0,0,0,0,0,0.00732600732601, 0.0408163265306, 0.00523560209424, 0,0,0,0,0.0160427807487, 0.0149253731343, 0.0545454545455, 0,0.190476190476, 0.230769230769, 0.14606741573, 0,0,0,0,60, 
ORF1a:E632V, 0,0,0,0,0,0,0,0,0,0,0.00732600732601, 0.0272108843537, 0.00523560209424, 0,0,0,0,0.0106951871658, 0.00995024875622, 0.0363636363636, 0,0.166666666667, 0.166666666667, 0.134831460674, 0,0,0,0,47, 
S:D1118H, 0.372822299652, 0.444444444444, 0.666666666667, 0.428571428571, 0.847402597403, 0.878787878788, 0.673228346457, 0.75, 0.738938053097, 0.777397260274, 0.824175824176, 0.918367346939, 0.958115183246, 0.966049382716, 0.772435897436, 0.872, 0.945868945869, 0.866310160428, 0.940298507463, 0.818181818182, 0,0.690476190476, 0.692307692308, 0.85393258427, 0.666666666667, 0,0,0.640350877193, 3991, 
ORF1a:A2388S, 0,0,0,0,0,0,0,0,0,0,0.003663003663, 0.0204081632653, 0.00523560209424, 0,0,0,0,0.0106951871658, 0.00995024875622, 0.0272727272727, 0,0.142857142857, 0.192307692308, 0.0898876404494, 0,0,0,0,41, 
S:E484K, 0,0,0,0,0,0.00550964187328, 0.0196850393701, 0.00357142857143, 0.0265486725664, 0.0547945205479, 0.047619047619, 0.0204081632653, 0.00523560209424, 0.0154320987654, 0.0224358974359, 0.0773333333333, 0.019943019943, 0.0427807486631, 0.00995024875622, 0.0545454545455, 0,0.0714285714286, 0.0512820512821, 0.112359550562, 0,0,0,0,128, 
ORF1b:L860F, 0,0,0,0,0,0,0,0.00357142857143, 0,0,0,0,0,0,0,0,0.002849002849, 0.00534759358289, 0,0,0,0,0,0.14606741573, 0,0,0,0,16, 
S:T716I, 0.369337979094, 0.444444444444, 0.666666666667, 0.428571428571, 0.847402597403, 0.876033057851, 0.669291338583, 0.746428571429, 0.738938053097, 0.777397260274, 0.824175824176, 0.91156462585, 0.958115183246, 0.966049382716, 0.766025641026, 0.869333333333, 0.945868945869, 0.866310160428, 0.940298507463, 0.818181818182, 0,0.690476190476, 0.692307692308, 0.842696629213, 0.619047619048, 0,0,0.631578947368, 3980, 
S:P681R, 0,0,0,0,0,0,0,0.00357142857143, 0,0,0,0,0,0.00308641975309, 0.00320512820513, 0.032, 0.014245014245, 0.0695187165775, 0.0298507462687, 0.109090909091, 0,0.142857142857, 0.217948717949, 0.101123595506, 0.333333333333, 1.0, 0,0,93, 
S:V70-, 0.752613240418, 0.805555555556, 0.883333333333, 0.8, 0.957792207792, 0.944903581267, 0.862204724409, 0.932142857143, 0.911504424779, 0.88698630137, 0.897435897436, 0.965986394558, 0.989528795812, 0.969135802469, 0.884615384615, 0.88, 0.954415954416, 0.877005347594, 0.925373134328, 0.818181818182, 1.0, 0.761904761905, 0.679487179487, 0.76404494382, 0.666666666667, 0,0.7, 0.771929824561, 4474, 
ORF1b:Q1441H, 0,0,0,0,0,0,0,0,0,0,0,0,0,0,0,0.024, 0,0.0160427807487, 0.00497512437811, 0.109090909091, 0,0.0952380952381, 0.179487179487, 0.0674157303371, 0,0,0,0,49, 
ORF1a:G1965C, 0,0,0,0,0,0,0,0,0,0,0.00732600732601, 0.0340136054422, 0.00523560209424, 0,0,0,0,0.0160427807487, 0.0149253731343, 0.0545454545455, 0,0.190476190476, 0.230769230769, 0.14606741573, 0,0,0,0,59, 
N:D63G, 0,0,0,0,0,0,0,0,0,0,0,0,0,0,0,0.0293333333333, 0.00854700854701, 0.0641711229947, 0.0298507462687, 0.109090909091, 0,0.119047619048, 0.217948717949, 0.101123595506, 0.333333333333, 1.0, 0,0,85, 
ORF1a:T1001I, 0.369337979094, 0.444444444444, 0.666666666667, 0.428571428571, 0.850649350649, 0.878787878788, 0.669291338583, 0.75, 0.730088495575, 0.794520547945, 0.842490842491, 0.91156462585, 0.958115183246, 0.962962962963, 0.769230769231, 0.866666666667, 0.945868945869, 0.866310160428, 0.935323383085, 0.809090909091, 0,0.690476190476, 0.692307692308, 0.865168539326, 0.619047619048, 0,0,0.666666666667, 3994, 
M:I82T, 0.00348432055749, 0,0,0,0,0,0,0,0,0,0,0,0,0.00308641975309, 0.0128205128205, 0.0293333333333, 0.025641025641, 0.0855614973262, 0.0398009950249, 0.127272727273, 0,0.261904761905, 0.282051282051, 0.101123595506, 0.333333333333, 1.0, 0,0,116, 
S:D979E, 0,0,0,0,0,0,0,0,0,0,0,0,0,0,0,0,0,0,0,0,0,0,0,0,0.285714285714, 1.0, 0,0,9, 
N:S235F, 0.379790940767, 0.472222222222, 0.666666666667, 0.442857142857, 0.840909090909, 0.867768595041, 0.673228346457, 0.753571428571, 0.734513274336, 0.797945205479, 0.838827838828, 0.91156462585, 0.96335078534, 0.95987654321, 0.766025641026, 0.864, 0.945868945869, 0.866310160428, 0.945273631841, 0.818181818182, 0.5, 0.690476190476, 0.692307692308, 0.865168539326, 0.619047619048, 0.333333333333, 0,0.675438596491, 4000, 
ORF1b:L460Q, 0,0,0,0,0,0,0,0,0,0,0.00732600732601, 0.0204081632653, 0,0,0,0,0,0.00534759358289, 0.00497512437811, 0,0,0.0714285714286, 0.128205128205, 0.112359550562, 0,0,0,0,30, 
ORF1a:E3764D, 0.0592334494774, 0.222222222222, 0.0166666666667, 0.0285714285714, 0.012987012987, 0.00826446280992, 0.0511811023622, 0.0642857142857, 0.0353982300885, 0.0102739726027, 0.018315018315, 0.0136054421769, 0,0,0.0128205128205, 0.00266666666667, 0,0,0,0,0,0,0,0,0,0,0.2, 0.0438596491228, 96, 
S:F157-, 0,0,0,0,0,0,0,0,0,0,0,0,0,0,0,0.0293333333333, 0.014245014245, 0.0641711229947, 0.0298507462687, 0.118181818182, 0,0.142857142857, 0.24358974359, 0.101123595506, 0.285714285714, 0,0,0,87, 
ORF1a:T4031I, 0.00696864111498, 0,0,0,0,0.00550964187328, 0,0,0,0,0,0,0,0,0.00320512820513, 0,0.002849002849, 0,0.00995024875622, 0,0,0.142857142857, 0.025641025641, 0.0224719101124, 0,0,0,0,18, 
ORF1a:N2449K, 0,0,0,0,0,0,0,0,0,0,0.00732600732601, 0.0408163265306, 0.00523560209424, 0,0,0,0,0.0160427807487, 0.0149253731343, 0.0545454545455, 0,0.190476190476, 0.230769230769, 0.14606741573, 0,0,0,0,60, 
N:D3L, 0.379790940767, 0.5, 0.666666666667, 0.442857142857, 0.844155844156, 0.870523415978, 0.669291338583, 0.753571428571, 0.734513274336, 0.801369863014, 0.842490842491, 0.91156462585, 0.96335078534, 0.962962962963, 0.772435897436, 0.869333333333, 0.94301994302, 0.866310160428, 0.940298507463, 0.818181818182, 0,0.690476190476, 0.692307692308, 0.865168539326, 0.619047619048, 0,0,0.69298245614, 4006, 
S:A570D, 0.369337979094, 0.444444444444, 0.666666666667, 0.428571428571, 0.847402597403, 0.878787878788, 0.669291338583, 0.75, 0.738938053097, 0.777397260274, 0.824175824176, 0.91156462585, 0.958115183246, 0.808641975309, 0.766025641026, 0.872, 0.945868945869, 0.860962566845, 0.940298507463, 0.809090909091, 0,0.690476190476, 0.692307692308, 0.85393258427, 0.666666666667, 0,0,0.5, 3917, 
S:D253A, 0,0,0,0,0,0,0,0,0,0,0,0,0,0,0,0,0,0,0,0,0,0,0,0,0.285714285714, 1.0, 0,0,9, 
ORF1a:P309L, 0.00348432055749, 0,0,0,0,0.00275482093664, 0,0.00357142857143, 0,0.00342465753425, 0.003663003663, 0,0.0157068062827, 0.00925925925926, 0.00320512820513, 0.0266666666667, 0.017094017094, 0.0213903743316, 0.00497512437811, 0.1, 0,0.0952380952381, 0.0512820512821, 0.0786516853933, 0,0,0,0,59, 
ORF8:F120-, 0,0,0,0,0,0,0,0,0,0,0,0,0,0,0,0.0293333333333, 0.014245014245, 0.0641711229947, 0.0298507462687, 0.109090909091, 0,0.142857142857, 0.217948717949, 0.101123595506, 0.285714285714, 0.333333333333, 0,0,85, 
ORF1a:R287M, 0,0,0,0,0,0,0,0,0,0,0,0,0,0,0,0,0,0.00534759358289, 0,0,0,0.047619047619, 0.0128205128205, 0.123595505618, 0,0,0,0,15, 
ORF1a:P1640L, 0,0,0,0,0,0.00275482093664, 0.00393700787402, 0,0.00884955752212, 0.00342465753425, 0.003663003663, 0,0,0,0,0.024, 0.00569800569801, 0.0267379679144, 0.0248756218905, 0.109090909091, 0,0.0952380952381, 0.205128205128, 0.0786516853933, 0.285714285714, 1.0, 0,0,75, 
ORF1a:F1960L, 0,0,0,0,0,0,0,0,0,0,0.00732600732601, 0.0340136054422, 0.00523560209424, 0,0,0,0,0.0160427807487, 0.0149253731343, 0.0545454545455, 0,0.166666666667, 0.217948717949, 0.134831460674, 0,0,0,0,56, 
ORF1b:H1213Y, 0.369337979094, 0.361111111111, 0.2, 0.371428571429, 0.11038961039, 0.068870523416, 0.208661417323, 0.182142857143, 0.181415929204, 0.116438356164, 0.0842490842491, 0.047619047619, 0.0261780104712, 0.00308641975309, 0.108974358974, 0.0133333333333, 0.00569800569801, 0.00534759358289, 0,0.00909090909091, 0.5, 0,0.0128205128205, 0,0,0,0.7, 0.114035087719, 497, 
S:P681H, 0.372822299652, 0.472222222222, 0.666666666667, 0.428571428571, 0.857142857143, 0.887052341598, 0.673228346457, 0.75, 0.738938053097, 0.77397260274, 0.824175824176, 0.91156462585, 0.958115183246, 0.969135802469, 0.788461538462, 0.877333333333, 0.945868945869, 0.860962566845, 0.930348258706, 0.781818181818, 0,0.666666666667, 0.628205128205, 0.842696629213, 0.619047619048, 0,0,0.657894736842, 3991, 
ORF1a:G3676-, 0.362369337979, 0.416666666667, 0.65, 0.428571428571, 0.844155844156, 0.831955922865, 0.677165354331, 0.753571428571, 0.756637168142, 0.849315068493, 0.860805860806, 0.809523809524, 0.96335078534, 0.978395061728, 0.785256410256, 0.925333333333, 0.954415954416, 0.887700534759, 0.65671641791, 0.736363636364, 0.25, 0.738095238095, 0.641025641026, 0.786516853933, 0.666666666667, 0.333333333333, 0,0.666666666667, 3956, 
S:H69-, 0.752613240418, 0.805555555556, 0.883333333333, 0.8, 0.957792207792, 0.944903581267, 0.862204724409, 0.932142857143, 0.911504424779, 0.88698630137, 0.897435897436, 0.965986394558, 0.989528795812, 0.972222222222, 0.884615384615, 0.882666666667, 0.957264957265, 0.877005347594, 0.925373134328, 0.818181818182, 1.0, 0.761904761905, 0.679487179487, 0.76404494382, 0.666666666667, 0,0.7, 0.780701754386, 4478, 
ORF3a:S26L, 0,0,0,0,0.00324675324675, 0,0.00393700787402, 0,0,0,0,0,0,0.00308641975309, 0.00320512820513, 0.032, 0.014245014245, 0.0695187165775, 0.0248756218905, 0.109090909091, 0,0.142857142857, 0.205128205128, 0.0898876404494, 0.333333333333, 1.0, 0,0,91, 
ORF1b:T1064I, 0.00696864111498, 0.111111111111, 0,0.0285714285714, 0,0,0.00393700787402, 0.00357142857143, 0,0,0,0,0,0,0,0,0,0.00534759358289, 0,0,0,0,0,0,0,0,0,0,11, 
ORF8:R52I, 0.393728222997, 0.444444444444, 0.666666666667, 0.428571428571, 0.837662337662, 0.870523415978, 0.665354330709, 0.739285714286, 0.734513274336, 0.797945205479, 0.838827838828, 0.904761904762, 0.96335078534, 0.950617283951, 0.766025641026, 0.861333333333, 0.837606837607, 0.83422459893, 0.930348258706, 0.809090909091, 0,0.714285714286, 0.641025641026, 0.865168539326, 0.619047619048, 0,0,0.552631578947, 3923, 
ORF1b:A1521S, 0.362369337979, 0.361111111111, 0.2, 0.371428571429, 0.11038961039, 0.0661157024793, 0.196850393701, 0.178571428571, 0.172566371681, 0.11301369863, 0.0805860805861, 0.047619047619, 0.0261780104712, 0.00308641975309, 0.108974358974, 0.0133333333333, 0.00569800569801, 0.00534759358289, 0,0.00909090909091, 0.75, 0,0.0128205128205, 0,0,0,0.7, 0.114035087719, 487, 
N:R203M, 0,0,0,0,0,0,0,0,0,0,0,0,0,0.00308641975309, 0.00320512820513, 0.032, 0.011396011396, 0.0695187165775, 0.0298507462687, 0.109090909091, 0,0.142857142857, 0.217948717949, 0.101123595506, 0.333333333333, 0.666666666667, 0,0,90, 
N:D377Y, 0,0,0,0,0,0,0,0.00357142857143, 0.00442477876106, 0,0,0,0,0.00308641975309, 0.00320512820513, 0.032, 0.022792022792, 0.0695187165775, 0.0298507462687, 0.109090909091, 0,0.119047619048, 0.230769230769, 0.112359550562, 0.333333333333, 1.0, 0,0,98, 
N:R203K, 0.463414634146, 0.555555555556, 0.716666666667, 0.471428571429, 0.86038961039, 0.881542699725, 0.692913385827, 0.771428571429, 0.756637168142, 0.808219178082, 0.857142857143, 0.918367346939, 0.96335078534, 0.972222222222, 0.826923076923, 0.885333333333, 0.974358974359, 0.919786096257, 0.950248756219, 0.845454545455, 0.25, 0.857142857143, 0.769230769231, 0.876404494382, 0.666666666667, 0.333333333333, 0.1, 0.736842105263, 4144, 
ORF1b:T1404M, 0.00348432055749, 0,0,0,0,0,0,0,0,0,0,0,0,0,0,0,0.00569800569801, 0.0267379679144, 0,0,0,0,0,0.14606741573, 0,0,0,0,21, 
ORF3a:A143S, 0,0.111111111111, 0,0,0,0,0.00393700787402, 0.0107142857143, 0.00442477876106, 0,0,0,0,0,0.00320512820513, 0,0,0,0,0,0,0,0,0,0,0,0,0,10, 
ORF9b:T60A, 0,0,0,0,0,0,0,0,0,0,0,0,0,0,0,0.0293333333333, 0.00854700854701, 0.0641711229947, 0.0298507462687, 0.109090909091, 0,0.119047619048, 0.217948717949, 0.101123595506, 0.333333333333, 1.0, 0,0,85, 
S:Y144-, 0.365853658537, 0.444444444444, 0.683333333333, 0.428571428571, 0.847402597403, 0.881542699725, 0.677165354331, 0.753571428571, 0.738938053097, 0.777397260274, 0.824175824176, 0.925170068027, 0.958115183246, 0.972222222222, 0.769230769231, 0.869333333333, 0.94301994302, 0.860962566845, 0.945273631841, 0.781818181818, 0.5, 0.690476190476, 0.653846153846, 0.76404494382, 0.666666666667, 0,0,0.649122807018, 3981, 
ORF3a:S216P, 0.0174216027875, 0.0277777777778, 0.0166666666667, 0.0285714285714, 0.0194805194805, 0.00550964187328, 0.011811023622, 0.0107142857143, 0.0309734513274, 0.00684931506849, 0.003663003663, 0,0,0,0.00320512820513, 0,0,0,0,0,0,0,0,0,0,0,0.3, 0.0175438596491, 39, 
N:G204P, 0.372822299652, 0.472222222222, 0.65, 0.428571428571, 0.782467532468, 0.848484848485, 0.614173228346, 0.728571428571, 0.699115044248, 0.777397260274, 0.820512820513, 0.877551020408, 0.910994764398, 0.929012345679, 0.730769230769, 0.802666666667, 0.880341880342, 0.850267379679, 0.845771144279, 0.736363636364, 0,0.666666666667, 0.692307692308, 0.808988764045, 0.619047619048, 0.333333333333, 0,0.631578947368, 3803, 
ORF1a:C2282S, 0,0,0,0,0,0,0,0,0,0,0.00732600732601, 0.0136054421769, 0.00523560209424, 0,0,0,0,0.0106951871658, 0.00995024875622, 0.0545454545455, 0,0.142857142857, 0.179487179487, 0.101123595506, 0,0,0,0,44, 
ORF8:D119-, 0,0,0,0,0,0,0,0,0,0,0,0,0,0,0,0.0293333333333, 0.014245014245, 0.0641711229947, 0.0298507462687, 0.109090909091, 0,0.142857142857, 0.217948717949, 0.101123595506, 0.285714285714, 0.333333333333, 0,0,85, 
ORF8:K68*, 0.383275261324, 0.472222222222, 0.633333333333, 0.442857142857, 0.782467532468, 0.837465564738, 0.622047244094, 0.703571428571, 0.66814159292, 0.739726027397, 0.827838827839, 0.87074829932, 0.937172774869, 0.932098765432, 0.721153846154, 0.810666666667, 0.868945868946, 0.83422459893, 0.845771144279, 0.718181818182, 0.25, 0.642857142857, 0.641025641026, 0.808988764045, 0.619047619048, 0,0,0.605263157895, 3769, 
ORF1a:M2374I, 0,0,0,0,0,0,0,0,0,0,0.00732600732601, 0.0408163265306, 0.00523560209424, 0,0,0,0,0.0160427807487, 0.0149253731343, 0.0545454545455, 0,0.190476190476, 0.230769230769, 0.14606741573, 0,0,0,0,60, 
ORF1a:S3675-, 0.362369337979, 0.416666666667, 0.65, 0.428571428571, 0.844155844156, 0.831955922865, 0.677165354331, 0.753571428571, 0.756637168142, 0.849315068493, 0.860805860806, 0.809523809524, 0.96335078534, 0.978395061728, 0.785256410256, 0.925333333333, 0.954415954416, 0.887700534759, 0.65671641791, 0.736363636364, 0.25, 0.738095238095, 0.641025641026, 0.786516853933, 0.666666666667, 0.333333333333, 0,0.666666666667, 3956, 
ORF1b:E2072V, 0,0,0,0,0,0,0,0,0,0,0.003663003663, 0.0204081632653, 0,0,0,0,0,0,0.00497512437811, 0.00909090909091, 0,0.047619047619, 0.115384615385, 0.112359550562, 0,0,0,0,27, 
ORF1a:P2287S, 0.00696864111498, 0,0,0,0,0,0,0.00357142857143, 0,0,0,0,0,0,0,0.008, 0.019943019943, 0.0588235294118, 0.0248756218905, 0.00909090909091, 0,0.119047619048, 0.0512820512821, 0.0224719101124, 0.047619047619, 0,0,0,42, 
other, 4.55400696864, 3.66666666667, 2.33333333333, 4.67142857143, 2.11688311688, 2.41873278237, 3.77165354331, 3.91071428571, 4.27433628319, 4.80821917808, 3.4358974359, 3.74149659864, 4.65968586387, 2.77777777778, 3.625, 4.69333333333, 3.82336182336, 4.49732620321, 4.23383084577, 4.27272727273, 6.0, 6.47619047619, 5.25641025641, 4.02247191011, 3.90476190476, 3.33333333333, 4.9, 5.11403508772, 