,17-2021_352,18-2021_213,19-2021_269,20-2021_147,21-2021_85,22-2021_122,23-2021_115,24-2021_41,25-2021_21,26-2021_26,27-2021_2,pocet
ORF1a:E3177*, 0,0.0140845070423, 0.0111524163569, 0.0408163265306, 0.0941176470588, 0.139344262295, 0.104347826087, 0,0,0,0,49, 
ORF1b:N2694K, 0.00284090909091, 0.0140845070423, 0.0111524163569, 0.0408163265306, 0.0941176470588, 0.147540983607, 0.113043478261, 0,0,0,0,52, 
ORF1a:Y2281D, 0,0.0093896713615, 0.00371747211896, 0.0408163265306, 0.0823529411765, 0.114754098361, 0.095652173913, 0,0,0,0,41, 
S:P26S, 0.00568181818182, 0.0234741784038, 0.00371747211896, 0.0136054421769, 0.0235294117647, 0.0245901639344, 0.0260869565217, 0.0243902439024, 0.190476190476, 0.192307692308, 0.5, 29, 
ORF7a:T120I, 0.0227272727273, 0.0657276995305, 0.0371747211896, 0.102040816327, 0.188235294118, 0.229508196721, 0.0347826086957, 0.219512195122, 0.47619047619, 0.576923076923, 0,129, 
ORF7b:M1I, 0,0,0.00371747211896, 0.00680272108844, 0,0.0327868852459, 0.0173913043478, 0.0487804878049, 0.047619047619, 0.230769230769, 0.5, 18, 
ORF8:Q27*, 0.928977272727, 0.840375586854, 0.918215613383, 0.802721088435, 0.729411764706, 0.614754098361, 0.878260869565, 0.658536585366, 0.619047619048, 0.461538461538, 1.0, 1163, 
ORF1a:F3677L, 0.00284090909091, 0.0610328638498, 0.234200743494, 0.0884353741497, 0,0.00819672131148, 0.0347826086957, 0.121951219512, 0.0952380952381, 0.0384615384615, 0,103, 
ORF1a:F3677-, 0.951704545455, 0.784037558685, 0.672862453532, 0.748299319728, 0.741176470588, 0.606557377049, 0.747826086957, 0.414634146341, 0.190476190476, 0.230769230769, 0.5, 1044, 
S:N501Y, 0.940340909091, 0.896713615023, 0.92936802974, 0.843537414966, 0.741176470588, 0.680327868852, 0.895652173913, 0.682926829268, 0.619047619048, 0.461538461538, 1.0, 1200, 
S:G1251V, 0,0,0,0,0,0,0.00869565217391, 0,0,0.384615384615, 0,11, 
ORF7a:T61I, 0.0170454545455, 0.00469483568075, 0.00743494423792, 0.00680272108844, 0,0.0327868852459, 0.0173913043478, 0.0487804878049, 0.047619047619, 0.192307692308, 0.5, 25, 
ORF8:K68*, 0.869318181818, 0.826291079812, 0.832713754647, 0.727891156463, 0.658823529412, 0.581967213115, 0.791304347826, 0.609756097561, 0.52380952381, 0.384615384615, 1.0, 1079, 
ORF1a:T3750I, 0,0.00469483568075, 0.00743494423792, 0,0,0.00819672131148, 0.00869565217391, 0.170731707317, 0.333333333333, 0.384615384615, 0,29, 
ORF14:G50N, 0.971590909091, 0.906103286385, 0.940520446097, 0.829931972789, 0.811764705882, 0.713114754098, 0.895652173913, 0.731707317073, 0.619047619048, 0.461538461538, 1.0, 1226, 
ORF14:G50W, 0.0142045454545, 0.0657276995305, 0.0371747211896, 0.12925170068, 0.188235294118, 0.27868852459, 0.0869565217391, 0.268292682927, 0.380952380952, 0.538461538462, 0,141, 
ORF1a:L642V, 0,0,0,0.0204081632653, 0.0470588235294, 0.106557377049, 0.0695652173913, 0,0,0,0,28, 
N:R203K, 0.971590909091, 0.906103286385, 0.940520446097, 0.836734693878, 0.811764705882, 0.713114754098, 0.895652173913, 0.731707317073, 0.619047619048, 0.461538461538, 1.0, 1227, 
S:G142D, 0.00284090909091, 0.0610328638498, 0.0371747211896, 0.108843537415, 0.141176470588, 0.245901639344, 0.0782608695652, 0.243902439024, 0.380952380952, 0.461538461538, 0,121, 
N:D377Y, 0.0255681818182, 0.0657276995305, 0.0371747211896, 0.12925170068, 0.176470588235, 0.286885245902, 0.095652173913, 0.268292682927, 0.47619047619, 0.615384615385, 0,150, 
S:I794N, 0,0.0140845070423, 0.0111524163569, 0.0408163265306, 0.0941176470588, 0.147540983607, 0.113043478261, 0,0,0,0,51, 
ORF1a:V3718A, 0.00568181818182, 0.0281690140845, 0.0334572490706, 0.12925170068, 0.164705882353, 0.270491803279, 0.0695652173913, 0.219512195122, 0.333333333333, 0.461538461538, 0.5, 120, 
S:S1249F, 0,0,0.00371747211896, 0,0,0,0.0260869565217, 0,0,0.423076923077, 0.5, 16, 
S:D1257Y, 0,0,0,0,0,0,0,0,0,0.230769230769, 0,6, 
S:D979E, 0,0,0,0,0,0,0,0.170731707317, 0.333333333333, 0.346153846154, 0.5, 24, 
ORF1b:P1000L, 0.0170454545455, 0.0657276995305, 0.0371747211896, 0.136054421769, 0.176470588235, 0.27868852459, 0.0869565217391, 0.268292682927, 0.47619047619, 0.653846153846, 0,147, 
S:D1257-, 0,0.00469483568075, 0.00743494423792, 0,0,0,0,0,0,0.115384615385, 0,6, 
ORF1a:S3256T, 0,0.0140845070423, 0.0111524163569, 0.0408163265306, 0.0823529411765, 0.139344262295, 0.104347826087, 0,0,0,0,48, 
ORF1a:I453T, 0,0.0140845070423, 0.0148698884758, 0.12925170068, 0.141176470588, 0.262295081967, 0.0521739130435, 0.0487804878049, 0,0,0,78, 
S:L452R, 0.0227272727273, 0.0892018779343, 0.0594795539033, 0.142857142857, 0.235294117647, 0.295081967213, 0.0869565217391, 0.268292682927, 0.47619047619, 0.692307692308, 0.5, 170, 
S:T19R, 0.0170454545455, 0.0610328638498, 0.0371747211896, 0.12925170068, 0.188235294118, 0.270491803279, 0.0869565217391, 0.268292682927, 0.428571428571, 0.538461538462, 0,141, 
ORF1a:M4390R, 0,0.0093896713615, 0.0111524163569, 0.0408163265306, 0.0823529411765, 0.122950819672, 0.104347826087, 0,0,0,0,45, 
ORF1a:T3255I, 0.0113636363636, 0.0422535211268, 0.00743494423792, 0.00680272108844, 0.0235294117647, 0,0.00869565217391, 0.0487804878049, 0.142857142857, 0.269230769231, 0,31, 
ORF1a:F3183V, 0,0.00469483568075, 0.00371747211896, 0.0204081632653, 0.0705882352941, 0.106557377049, 0.104347826087, 0,0,0,0,36, 
S:T478K, 0.0170454545455, 0.0610328638498, 0.0371747211896, 0.12925170068, 0.188235294118, 0.27868852459, 0.0869565217391, 0.243902439024, 0.47619047619, 0.692307692308, 0.5, 147, 
ORF1b:P1675L, 0,0,0.00743494423792, 0.12925170068, 0.0823529411765, 0.0327868852459, 0.00869565217391, 0,0,0,0,33, 
S:D253A, 0,0,0,0,0,0,0,0.170731707317, 0.333333333333, 0.346153846154, 0,23, 
ORF7a:Y75H, 0.0113636363636, 0.0234741784038, 0.0148698884758, 0.0612244897959, 0.0117647058824, 0.00819672131148, 0.00869565217391, 0.0975609756098, 0.0952380952381, 0.115384615385, 0.5, 35, 
ORF1a:A3209V, 0.00568181818182, 0.0281690140845, 0.0334572490706, 0.12925170068, 0.176470588235, 0.270491803279, 0.0695652173913, 0.219512195122, 0.333333333333, 0.5, 0.5, 122, 
S:I1216T, 0.00284090909091, 0,0.00371747211896, 0.00680272108844, 0,0.0327868852459, 0.0173913043478, 0.0487804878049, 0.047619047619, 0.153846153846, 0,16, 
ORF1b:P314L, 0.977272727273, 0.995305164319, 0.996282527881, 1.0, 1.0, 1.0, 1.0, 1.0, 1.0, 1.0, 1.0, 1383, 
ORF1b:G662S, 0.0170454545455, 0.0610328638498, 0.0371747211896, 0.12925170068, 0.188235294118, 0.262295081967, 0.0869565217391, 0.268292682927, 0.47619047619, 0.692307692308, 0.5, 146, 
ORF8:Y73C, 0.931818181818, 0.840375586854, 0.918215613383, 0.802721088435, 0.717647058824, 0.614754098361, 0.878260869565, 0.658536585366, 0.571428571429, 0.423076923077, 1.0, 1161, 
S:E1258-, 0,0,0,0,0.0117647058824, 0.00819672131148, 0.0347826086957, 0.0487804878049, 0.0952380952381, 0.346153846154, 0.5, 20, 
S:E1258D, 0,0,0.00371747211896, 0,0,0,0.0173913043478, 0.121951219512, 0.190476190476, 0.230769230769, 0,18, 
ORF1b:P1570L, 0.00284090909091, 0.0140845070423, 0.0148698884758, 0.12925170068, 0.141176470588, 0.245901639344, 0.0521739130435, 0.0487804878049, 0,0,0,77, 
S:D950N, 0.0142045454545, 0.0610328638498, 0.0371747211896, 0.12925170068, 0.188235294118, 0.270491803279, 0.0869565217391, 0.268292682927, 0.47619047619, 0.653846153846, 0,144, 
S:T716I, 0.943181818182, 0.859154929577, 0.925650557621, 0.809523809524, 0.717647058824, 0.655737704918, 0.852173913043, 0.658536585366, 0.571428571429, 0.423076923077, 1.0, 1174, 
ORF1a:K2200N, 0,0.0140845070423, 0.0148698884758, 0.12925170068, 0.141176470588, 0.262295081967, 0.0521739130435, 0.0487804878049, 0,0,0,78, 
ORF1b:A1918V, 0.0113636363636, 0.0328638497653, 0.00371747211896, 0,0.0117647058824, 0.00819672131148, 0.00869565217391, 0.0487804878049, 0.142857142857, 0.230769230769, 0,26, 
ORF1a:N2451D, 0,0.0093896713615, 0.0111524163569, 0.0408163265306, 0.0941176470588, 0.147540983607, 0.113043478261, 0,0,0,0,50, 
ORF1a:K3680Q, 0.00284090909091, 0,0.00371747211896, 0.00680272108844, 0,0.0327868852459, 0.0173913043478, 0.0487804878049, 0,0.115384615385, 0,14, 
S:Y144-, 0.943181818182, 0.760563380282, 0.884758364312, 0.78231292517, 0.682352941176, 0.622950819672, 0.730434782609, 0.512195121951, 0.142857142857, 0.461538461538, 0.5, 1102, 
ORF1a:R2686P, 0,0.0093896713615, 0.0111524163569, 0.0408163265306, 0.0941176470588, 0.139344262295, 0.113043478261, 0,0,0,0,49, 
ORF1a:A1708D, 0.943181818182, 0.859154929577, 0.921933085502, 0.809523809524, 0.717647058824, 0.647540983607, 0.852173913043, 0.658536585366, 0.52380952381, 0.423076923077, 1.0, 1171, 
ORF7a:V82A, 0.00568181818182, 0.0610328638498, 0.0371747211896, 0.115646258503, 0.188235294118, 0.245901639344, 0.0782608695652, 0.219512195122, 0.428571428571, 0.576923076923, 0,130, 
ORF1a:L4391R, 0,0.0093896713615, 0.0111524163569, 0.0340136054422, 0.0823529411765, 0.114754098361, 0.095652173913, 0,0,0,0,42, 
S:D614G, 0.997159090909, 1.0, 1.0, 1.0, 1.0, 1.0, 0.991304347826, 1.0, 1.0, 1.0, 1.0, 1391, 
ORF1a:I2230T, 0.940340909091, 0.854460093897, 0.918215613383, 0.802721088435, 0.717647058824, 0.647540983607, 0.860869565217, 0.658536585366, 0.52380952381, 0.423076923077, 1.0, 1168, 
S:A222V, 0.0113636363636, 0.00469483568075, 0.00743494423792, 0,0,0.00819672131148, 0.00869565217391, 0.170731707317, 0.285714285714, 0.384615384615, 0.5, 33, 
ORF1a:T2648I, 0.0142045454545, 0,0,0,0,0,0,0.170731707317, 0.333333333333, 0.461538461538, 0,31, 
ORF14:E51Q, 0.880681818182, 0.840375586854, 0.836431226766, 0.727891156463, 0.694117647059, 0.639344262295, 0.8, 0.609756097561, 0.571428571429, 0.384615384615, 0.5, 1098, 
ORF1a:H83Q, 0,0.0093896713615, 0.00743494423792, 0.0408163265306, 0.0823529411765, 0.122950819672, 0.0695652173913, 0,0,0,0,40, 
ORF7a:*122L, 0,0,0.00371747211896, 0.00680272108844, 0,0.0327868852459, 0.0173913043478, 0.0487804878049, 0.047619047619, 0.230769230769, 0.5, 18, 
S:R158G, 0.0142045454545, 0.0610328638498, 0.0334572490706, 0.12925170068, 0.176470588235, 0.254098360656, 0.0782608695652, 0.146341463415, 0,0.0384615384615, 0,108, 
N:G204R, 0.0909090909091, 0.0657276995305, 0.104089219331, 0.108843537415, 0.117647058824, 0.0737704918033, 0.095652173913, 0.121951219512, 0.047619047619, 0.0769230769231, 0.5, 129, 
N:G204P, 0.877840909091, 0.840375586854, 0.836431226766, 0.734693877551, 0.694117647059, 0.639344262295, 0.8, 0.609756097561, 0.571428571429, 0.384615384615, 0.5, 1098, 
ORF1a:P1010L, 0,0,0,0,0,0,0,0.170731707317, 0.380952380952, 0.423076923077, 0.5, 27, 
S:T791K, 0,0.0140845070423, 0.0111524163569, 0.0408163265306, 0.0941176470588, 0.147540983607, 0.113043478261, 0,0,0,0,51, 
ORF1a:E632V, 0,0.0093896713615, 0.00743494423792, 0.0272108843537, 0.0823529411765, 0.106557377049, 0.104347826087, 0,0,0,0,40, 
S:D1118H, 0.943181818182, 0.859154929577, 0.925650557621, 0.809523809524, 0.717647058824, 0.655737704918, 0.869565217391, 0.682926829268, 0.571428571429, 0.423076923077, 1.0, 1177, 
ORF1a:A2388S, 0,0.0093896713615, 0.00743494423792, 0.0204081632653, 0.0705882352941, 0.122950819672, 0.0695652173913, 0,0,0,0,36, 
S:E156-, 0.0142045454545, 0.0610328638498, 0.0334572490706, 0.136054421769, 0.176470588235, 0.270491803279, 0.0782608695652, 0.146341463415, 0,0.0384615384615, 0,111, 
ORF1a:T3646A, 0.0113636363636, 0.037558685446, 0.00371747211896, 0,0.0117647058824, 0.00819672131148, 0.0173913043478, 0.0487804878049, 0.142857142857, 0.230769230769, 0,28, 
S:C1254*, 0,0,0.00371747211896, 0,0.0117647058824, 0.00819672131148, 0.0521739130435, 0.268292682927, 0.428571428571, 0.461538461538, 1.0, 43, 
ORF7b:T40I, 0.0113636363636, 0.0328638497653, 0.00371747211896, 0,0.0235294117647, 0.00819672131148, 0.0173913043478, 0.0487804878049, 0.142857142857, 0.269230769231, 0,29, 
S:C1254L, 0,0,0,0,0,0,0,0,0,0.384615384615, 0,10, 
ORF1a:A1352V, 0.00852272727273, 0.00469483568075, 0.00371747211896, 0,0.0117647058824, 0,0,0.0243902439024, 0,0.115384615385, 0,10, 
ORF1b:L860F, 0.00284090909091, 0.00469483568075, 0,0,0,0,0.113043478261, 0,0,0,0,15, 
S:V70-, 0.954545454545, 0.774647887324, 0.873605947955, 0.816326530612, 0.752941176471, 0.639344262295, 0.730434782609, 0.463414634146, 0.0952380952381, 0.192307692308, 0.5, 1109, 
ORF1b:Q1441H, 0,0.0140845070423, 0.0148698884758, 0.12925170068, 0.141176470588, 0.245901639344, 0.0521739130435, 0.0487804878049, 0,0,0,76, 
S:P681R, 0.0142045454545, 0.0657276995305, 0.0371747211896, 0.12925170068, 0.188235294118, 0.270491803279, 0.0869565217391, 0.268292682927, 0.47619047619, 0.615384615385, 0,144, 
S:P681H, 0.943181818182, 0.854460093897, 0.914498141264, 0.768707482993, 0.658823529412, 0.590163934426, 0.84347826087, 0.658536585366, 0.52380952381, 0.384615384615, 1.0, 1148, 
ORF1a:G1965C, 0,0.0140845070423, 0.0111524163569, 0.0408163265306, 0.0941176470588, 0.147540983607, 0.113043478261, 0,0,0,0,51, 
N:D63G, 0.0113636363636, 0.0610328638498, 0.0371747211896, 0.12925170068, 0.176470588235, 0.27868852459, 0.0869565217391, 0.268292682927, 0.47619047619, 0.615384615385, 0,142, 
ORF1a:I4308T, 0,0,0,0,0,0,0,0,0,0.115384615385, 0,3, 
ORF1a:A1306S, 0.0113636363636, 0.0328638497653, 0.00371747211896, 0,0.0235294117647, 0.00819672131148, 0.0173913043478, 0.0487804878049, 0.142857142857, 0.230769230769, 0,28, 
M:I82T, 0.0255681818182, 0.0798122065728, 0.0520446096654, 0.149659863946, 0.258823529412, 0.311475409836, 0.0869565217391, 0.292682926829, 0.47619047619, 0.769230769231, 0.5, 175, 
ORF1b:T1404M, 0.00568181818182, 0.0234741784038, 0,0,0,0,0.113043478261, 0,0,0,0,20, 
ORF9b:T60A, 0.00852272727273, 0.0610328638498, 0.0371747211896, 0.12925170068, 0.176470588235, 0.270491803279, 0.0869565217391, 0.268292682927, 0.47619047619, 0.615384615385, 0,140, 
S:D138Y, 0.0170454545455, 0.0234741784038, 0.00371747211896, 0.0136054421769, 0.0235294117647, 0.0245901639344, 0.0260869565217, 0.0243902439024, 0.238095238095, 0.230769230769, 0.5, 35, 
N:S235F, 0.943181818182, 0.859154929577, 0.92936802974, 0.809523809524, 0.717647058824, 0.647540983607, 0.878260869565, 0.658536585366, 0.619047619048, 0.461538461538, 1.0, 1179, 
N:G215C, 0.00852272727273, 0.0328638497653, 0.00371747211896, 0,0.0117647058824, 0.00819672131148, 0.0173913043478, 0.0487804878049, 0.142857142857, 0.230769230769, 0,26, 
ORF1b:L460Q, 0.00284090909091, 0.0140845070423, 0.0111524163569, 0.0340136054422, 0.0705882352941, 0.122950819672, 0.095652173913, 0,0,0,0,44, 
ORF1b:L242R, 0,0,0,0,0,0,0.0173913043478, 0.121951219512, 0,0,0,7, 
S:F157-, 0.0142045454545, 0.0610328638498, 0.0334572490706, 0.136054421769, 0.176470588235, 0.270491803279, 0.0782608695652, 0.146341463415, 0,0.0384615384615, 0,111, 
ORF1a:R3542C, 0,0,0,0,0.0588235294118, 0.213114754098, 0.0434782608696, 0.0487804878049, 0,0,0,38, 
ORF1a:N2449K, 0,0.0140845070423, 0.0111524163569, 0.0408163265306, 0.0941176470588, 0.147540983607, 0.113043478261, 0,0,0,0,51, 
N:D3L, 0.940340909091, 0.859154929577, 0.925650557621, 0.809523809524, 0.717647058824, 0.647540983607, 0.878260869565, 0.658536585366, 0.571428571429, 0.461538461538, 1.0, 1176, 
S:K1255N, 0,0,0.00371747211896, 0,0.0117647058824, 0.00819672131148, 0.0347826086957, 0.219512195122, 0.380952380952, 0.576923076923, 0.5, 40, 
S:E1258Y, 0,0,0,0,0,0,0,0,0,0.115384615385, 0,3, 
S:T95I, 0.0113636363636, 0.0422535211268, 0.00743494423792, 0.0272108843537, 0.0588235294118, 0.0245901639344, 0.0260869565217, 0.0243902439024, 0,0.230769230769, 0,37, 
ORF1a:P309L, 0.0170454545455, 0.018779342723, 0.0148698884758, 0.12925170068, 0.141176470588, 0.254098360656, 0.0608695652174, 0.0487804878049, 0,0,0,85, 
ORF8:F120-, 0.0142045454545, 0.0610328638498, 0.0371747211896, 0.12925170068, 0.188235294118, 0.270491803279, 0.0782608695652, 0.146341463415, 0.0952380952381, 0.269230769231, 0,120, 
ORF1a:P2046L, 0.0113636363636, 0.0328638497653, 0.00371747211896, 0,0.0235294117647, 0.00819672131148, 0.0173913043478, 0.0487804878049, 0.142857142857, 0.269230769231, 0,29, 
S:A570D, 0.943181818182, 0.854460093897, 0.925650557621, 0.802721088435, 0.717647058824, 0.655737704918, 0.869565217391, 0.682926829268, 0.571428571429, 0.423076923077, 1.0, 1175, 
ORF1a:P1640L, 0.00852272727273, 0.0281690140845, 0.0334572490706, 0.12925170068, 0.164705882353, 0.270491803279, 0.0608695652174, 0.219512195122, 0.285714285714, 0.307692307692, 0,114, 
ORF1a:F1960L, 0,0.0140845070423, 0.0111524163569, 0.0408163265306, 0.0823529411765, 0.139344262295, 0.104347826087, 0,0,0,0,48, 
S:T22I, 0.00568181818182, 0,0.00371747211896, 0.00680272108844, 0,0.0327868852459, 0.0173913043478, 0.0487804878049, 0,0.115384615385, 0.5, 16, 
ORF1a:V2930L, 0,0.0281690140845, 0.00371747211896, 0,0,0.00819672131148, 0.0173913043478, 0.0487804878049, 0.142857142857, 0.230769230769, 0,21, 
ORF1a:T1001I, 0.943181818182, 0.859154929577, 0.921933085502, 0.802721088435, 0.717647058824, 0.647540983607, 0.860869565217, 0.658536585366, 0.52380952381, 0.423076923077, 1.0, 1171, 
ORF1a:G3676-, 0.951704545455, 0.784037558685, 0.672862453532, 0.748299319728, 0.741176470588, 0.606557377049, 0.747826086957, 0.414634146341, 0.190476190476, 0.230769230769, 0.5, 1044, 
S:H69-, 0.957386363636, 0.774647887324, 0.873605947955, 0.816326530612, 0.752941176471, 0.639344262295, 0.730434782609, 0.463414634146, 0.0952380952381, 0.192307692308, 0.5, 1110, 
ORF3a:S26L, 0.0142045454545, 0.0657276995305, 0.0334572490706, 0.12925170068, 0.188235294118, 0.262295081967, 0.0782608695652, 0.268292682927, 0.47619047619, 0.615384615385, 0,141, 
N:R203M, 0.0142045454545, 0.0657276995305, 0.0371747211896, 0.12925170068, 0.188235294118, 0.27868852459, 0.0869565217391, 0.268292682927, 0.380952380952, 0.538461538462, 0,141, 
ORF7b:L32F, 0.00284090909091, 0,0.00371747211896, 0.00680272108844, 0,0.0327868852459, 0.0173913043478, 0.0487804878049, 0.047619047619, 0.153846153846, 0.5, 17, 
ORF1a:S2695G, 0,0.0093896713615, 0.0111524163569, 0.0340136054422, 0.0941176470588, 0.122950819672, 0.113043478261, 0,0,0,0,46, 
S:-1260H, 0,0,0,0,0.0117647058824, 0.00819672131148, 0.0347826086957, 0.0487804878049, 0.0952380952381, 0.461538461538, 0.5, 23, 
ORF1a:C2282S, 0,0.0093896713615, 0.00743494423792, 0.0408163265306, 0.0705882352941, 0.114754098361, 0.0782608695652, 0,0,0,0,39, 
ORF8:D119-, 0.0142045454545, 0.0610328638498, 0.0371747211896, 0.12925170068, 0.188235294118, 0.270491803279, 0.0782608695652, 0.146341463415, 0.0952380952381, 0.269230769231, 0,120, 
S:L18F, 0.0142045454545, 0.0469483568075, 0.0185873605948, 0.0272108843537, 0.0352941176471, 0.0327868852459, 0.0347826086957, 0.0243902439024, 0.190476190476, 0.192307692308, 0.5, 46, 
ORF1a:M2374I, 0,0.0140845070423, 0.0111524163569, 0.0408163265306, 0.0941176470588, 0.147540983607, 0.113043478261, 0,0,0,0,51, 
ORF8:R52I, 0.838068181818, 0.826291079812, 0.914498141264, 0.802721088435, 0.729411764706, 0.606557377049, 0.869565217391, 0.658536585366, 0.380952380952, 0.192307692308, 0.5, 1112, 
ORF1a:S3675-, 0.951704545455, 0.784037558685, 0.672862453532, 0.748299319728, 0.741176470588, 0.606557377049, 0.747826086957, 0.414634146341, 0.190476190476, 0.230769230769, 0.5, 1044, 
S:S982A, 0.943181818182, 0.859154929577, 0.92936802974, 0.802721088435, 0.717647058824, 0.655737704918, 0.869565217391, 0.682926829268, 0.571428571429, 0.423076923077, 1.0, 1177, 
S:T20N, 0.00568181818182, 0.0234741784038, 0.00371747211896, 0.0136054421769, 0.0235294117647, 0.0245901639344, 0.0260869565217, 0.0243902439024, 0.190476190476, 0.192307692308, 0.5, 29, 
ORF1a:P2287S, 0.0198863636364, 0.0516431924883, 0.0260223048327, 0.0136054421769, 0.0705882352941, 0.0327868852459, 0.0173913043478, 0.0731707317073, 0.142857142857, 0.230769230769, 0,51, 
other, 3.67897727273, 4.46478873239, 4.14498141264, 3.95238095238, 5.29411764706, 4.60655737705, 4.59130434783, 4.56097560976, 3.61904761905, 3.15384615385, 4.0, 