,_955,Jihocesky_164,Jihomoravsky_304,Karlovarsky_102,Kralovehradecky_498,Liberecky_188,Moravskoslezsky_374,Olomoucky_444,Pardubicky_35,Plzensky_438,Praha_895,Stredocesky_434,Ustecky_131,Vysocina_35,Zlinsky_11,pocet_0
ORF1a:Y2281D, 0,0.134146341463, 0.00328947368421, 0,0,0.0265957446809, 0,0,0,0.00684931506849, 0.0134078212291, 0.00460829493088, 0,0.0285714285714, 0,46, 
ORF9b:Q77E, 0.00104712041885, 0,0.00328947368421, 0,0,0,0,0,0.142857142857, 0,0.00558659217877, 0,0.0152671755725, 0,0,14, 
ORF1b:P314L, 0.953926701571, 1.0, 0.983552631579, 1.0, 1.0, 0.994680851064, 1.0, 0.995495495495, 1.0, 0.986301369863, 0.991061452514, 0.958525345622, 0.992366412214, 1.0, 1.0, 4923, 
ORF1a:E3177*, 0,0.170731707317, 0.00328947368421, 0,0.00200803212851, 0.031914893617, 0,0,0.0285714285714, 0.00684931506849, 0.0122905027933, 0.00691244239631, 0,0.0285714285714, 0,55, 
S:P26S, 0.00418848167539, 0,0.00986842105263, 0,0,0.00531914893617, 0.00534759358289, 0.00225225225225, 0.142857142857, 0,0.00670391061453, 0.00230414746544, 0.0152671755725, 0,0,25, 
ORF3a:S253P, 0,0,0.00328947368421, 0,0,0,0,0,0.142857142857, 0,0.00558659217877, 0,0.0152671755725, 0,0,13, 
ORF7a:T120I, 0.00523560209424, 0,0,0,0,0,0.0106951871658, 0,0,0.00228310502283, 0.00893854748603, 0,0,0,0,18, 
ORF8:Q27*, 0.783246073298, 0.914634146341, 0.434210526316, 0.980392156863, 0.638554216867, 0.707446808511, 0.874331550802, 0.869369369369, 0.8, 0.947488584475, 0.794413407821, 0.917050691244, 0.87786259542, 0.742857142857, 0.636363636364, 3994, 
S:I794N, 0,0.189024390244, 0.00328947368421, 0,0.00200803212851, 0.031914893617, 0,0,0.0285714285714, 0.00684931506849, 0.0145251396648, 0.00691244239631, 0,0.0285714285714, 0,60, 
ORF1a:F3677L, 0.00314136125654, 0,0,0,0,0,0.149732620321, 0,0.0285714285714, 0.0365296803653, 0,0,0.00763358778626, 0,0,77, 
ORF1a:F3677-, 0.779057591623, 0.914634146341, 0.266447368421, 0.990196078431, 0.626506024096, 0.755319148936, 0.743315508021, 0.970720720721, 0.914285714286, 0.915525114155, 0.816759776536, 0.926267281106, 0.893129770992, 0.742857142857, 0.636363636364, 3955, 
S:N501Y, 0.740314136126, 0.914634146341, 0.417763157895, 0.990196078431, 0.632530120482, 0.712765957447, 0.882352941176, 0.968468468468, 0.942857142857, 0.954337899543, 0.805586592179, 0.875576036866, 0.87786259542, 0.742857142857, 0.636363636364, 3994, 
ORF1a:I2230T, 0.779057591623, 0.914634146341, 0.411184210526, 0.980392156863, 0.622489959839, 0.707446808511, 0.874331550802, 0.896396396396, 0.8, 0.949771689498, 0.794413407821, 0.921658986175, 0.885496183206, 0.685714285714, 0.636363636364, 3989, 
N:P80R, 0.00104712041885, 0,0.00328947368421, 0,0,0,0,0,0.142857142857, 0,0.00558659217877, 0,0.0152671755725, 0,0,14, 
ORF14:G50W, 0.00837696335079, 0.00609756097561, 0,0,0.00200803212851, 0.18085106383, 0.0347593582888, 0.0045045045045, 0,0,0.0268156424581, 0.00460829493088, 0.030534351145, 0.0285714285714, 0,90, 
ORF1b:K2310T, 0.00104712041885, 0.103658536585, 0,0,0,0.00531914893617, 0,0.00225225225225, 0,0,0.00446927374302, 0.00230414746544, 0,0,0,25, 
S:G142D, 0.00418848167539, 0.00609756097561, 0,0,0.00200803212851, 0.18085106383, 0.0347593582888, 0.0045045045045, 0,0,0.0268156424581, 0.00460829493088, 0.030534351145, 0.0285714285714, 0,86, 
ORF1a:V3718A, 0.00523560209424, 0.00609756097561, 0,0,0,0.18085106383, 0.0294117647059, 0.0045045045045, 0,0,0.0111731843575, 0.00230414746544, 0.030534351145, 0.0285714285714, 0,69, 
ORF1b:P1000L, 0.0104712041885, 0.00609756097561, 0,0,0,0.175531914894, 0.0347593582888, 0.0045045045045, 0,0.00228310502283, 0.0256983240223, 0.00460829493088, 0.030534351145, 0.0285714285714, 0,90, 
ORF1a:L3180R, 0,0.103658536585, 0.0625, 0,0.00200803212851, 0.0106382978723, 0,0,0,0,0.00558659217877, 0.00230414746544, 0,0,0,45, 
ORF1a:I453T, 0,0,0,0,0,0.18085106383, 0.0267379679144, 0.0045045045045, 0,0,0.00223463687151, 0.00230414746544, 0.0152671755725, 0.0285714285714, 0,52, 
ORF10:P10A, 0,0.128048780488, 0,0,0.00200803212851, 0.0212765957447, 0,0,0,0,0.00558659217877, 0.00230414746544, 0,0,0,32, 
ORF1b:P1570L, 0.00104712041885, 0,0.00657894736842, 0,0,0.175531914894, 0.0294117647059, 0,0,0.00228310502283, 0.00223463687151, 0.00230414746544, 0.0152671755725, 0.0285714285714, 0,54, 
S:N122K, 0,0.189024390244, 0.00328947368421, 0,0,0,0,0,0.0285714285714, 0.00684931506849, 0.00670391061453, 0.00460829493088, 0,0.0285714285714, 0,45, 
S:S98F, 0.0376963350785, 0,0.111842105263, 0.00980392156863, 0.0361445783133, 0.031914893617, 0.00534759358289, 0.0045045045045, 0,0.0433789954338, 0.0201117318436, 0.0207373271889, 0,0.0285714285714, 0,146, 
ORF1a:I2501T, 0.103664921466, 0.0548780487805, 0.365131578947, 0,0.24297188755, 0.0372340425532, 0.0401069518717, 0.018018018018, 0,0.0296803652968, 0.0960893854749, 0.0460829493088, 0.0229007633588, 0.142857142857, 0.181818181818, 499, 
S:T19R, 0.0104712041885, 0.00609756097561, 0,0,0.00200803212851, 0.18085106383, 0.0347593582888, 0.0045045045045, 0,0,0.0234636871508, 0.00230414746544, 0.030534351145, 0.0285714285714, 0,88, 
ORF1a:M4390R, 0,0.15243902439, 0.00328947368421, 0,0,0.031914893617, 0,0,0.0285714285714, 0.00684931506849, 0.0134078212291, 0.00460829493088, 0,0.0285714285714, 0,51, 
ORF1a:F3183V, 0,0.115853658537, 0.0559210526316, 0,0,0.031914893617, 0,0,0,0.00684931506849, 0.0122905027933, 0.00460829493088, 0,0.0285714285714, 0,59, 
ORF3a:V202L, 0.0178010471204, 0.00609756097561, 0.105263157895, 0,0.0341365461847, 0,0.00267379679144, 0.00675675675676, 0,0.00456621004566, 0.0134078212291, 0,0,0,0,85, 
S:T478K, 0.0104712041885, 0.00609756097561, 0,0,0.00200803212851, 0.18085106383, 0.0374331550802, 0.0135135135135, 0,0,0.0234636871508, 0.00230414746544, 0.030534351145, 0.0285714285714, 0,93, 
S:E156-, 0.00628272251309, 0.00609756097561, 0,0,0.00200803212851, 0.18085106383, 0.0347593582888, 0.0045045045045, 0,0,0.0256983240223, 0.00460829493088, 0.030534351145, 0.0285714285714, 0,87, 
ORF7a:Y75H, 0.0104712041885, 0.00609756097561, 0.0756578947368, 0.00980392156863, 0.0140562248996, 0.0265957446809, 0.0213903743316, 0.0225225225225, 0,0.00684931506849, 0.00782122905028, 0.0207373271889, 0.00763358778626, 0.228571428571, 0.363636363636, 97, 
S:N439K, 0.103664921466, 0.0548780487805, 0.365131578947, 0,0.240963855422, 0.031914893617, 0.0427807486631, 0.018018018018, 0,0.0296803652968, 0.0960893854749, 0.0460829493088, 0.0229007633588, 0.171428571429, 0.181818181818, 499, 
ORF1b:T216P, 0,0,0.115131578947, 0,0,0,0,0,0,0,0,0,0,0,0,35, 
ORF14:L52H, 0,0.128048780488, 0,0,0,0,0,0,0,0.00684931506849, 0.00335195530726, 0.00230414746544, 0,0,0,28, 
S:S982A, 0.783246073298, 0.920731707317, 0.398026315789, 0.980392156863, 0.626506024096, 0.664893617021, 0.868983957219, 0.898648648649, 0.8, 0.952054794521, 0.796648044693, 0.921658986175, 0.862595419847, 0.714285714286, 0.636363636364, 3984, 
ORF1a:A3209V, 0.00523560209424, 0.00609756097561, 0.00986842105263, 0,0,0.18085106383, 0.0347593582888, 0.0045045045045, 0,0,0.0134078212291, 0.00230414746544, 0.030534351145, 0.0285714285714, 0,76, 
ORF1b:G662S, 0.0104712041885, 0.00609756097561, 0,0,0.00200803212851, 0.175531914894, 0.0347593582888, 0.0045045045045, 0,0,0.0234636871508, 0.00230414746544, 0.0381679389313, 0.0285714285714, 0,88, 
ORF1b:V711I, 0.103664921466, 0.0548780487805, 0.345394736842, 0,0.236947791165, 0.0372340425532, 0.0401069518717, 0.018018018018, 0,0.0251141552511, 0.0949720670391, 0.0460829493088, 0.0229007633588, 0.142857142857, 0.181818181818, 487, 
ORF8:Y73C, 0.781151832461, 0.914634146341, 0.424342105263, 0.980392156863, 0.628514056225, 0.707446808511, 0.866310160428, 0.869369369369, 0.8, 0.947488584475, 0.79217877095, 0.917050691244, 0.87786259542, 0.742857142857, 0.636363636364, 3979, 
ORF1a:C4056G, 0,0,0.115131578947, 0,0,0,0,0,0,0,0,0,0,0,0,35, 
S:H655Y, 0.00104712041885, 0,0.00328947368421, 0,0,0.00531914893617, 0,0,0.114285714286, 0.00228310502283, 0.0100558659218, 0,0.0152671755725, 0,0,19, 
S:D950N, 0.0104712041885, 0.00609756097561, 0,0,0.00200803212851, 0.18085106383, 0.0347593582888, 0.0045045045045, 0,0,0.0234636871508, 0.00230414746544, 0.030534351145, 0.0285714285714, 0,88, 
ORF1a:K2200N, 0,0,0,0,0,0.18085106383, 0.0267379679144, 0,0,0,0.00223463687151, 0.00230414746544, 0.0152671755725, 0.0285714285714, 0,50, 
ORF1a:N2451D, 0,0.182926829268, 0.00328947368421, 0,0.00200803212851, 0.031914893617, 0,0,0.0285714285714, 0.00684931506849, 0.0145251396648, 0.00691244239631, 0,0.0285714285714, 0,59, 
ORF1b:D445E, 0.013612565445, 0,0.105263157895, 0,0.0341365461847, 0,0,0.00225225225225, 0,0.00456621004566, 0.00782122905028, 0,0,0,0,72, 
ORF1a:R2686P, 0,0.170731707317, 0.00328947368421, 0,0.00200803212851, 0.031914893617, 0,0,0.0285714285714, 0.00684931506849, 0.0145251396648, 0.00691244239631, 0,0.0285714285714, 0,57, 
ORF1a:A1708D, 0.783246073298, 0.914634146341, 0.401315789474, 0.980392156863, 0.624497991968, 0.707446808511, 0.871657754011, 0.898648648649, 0.8, 0.952054794521, 0.794413407821, 0.921658986175, 0.885496183206, 0.714285714286, 0.636363636364, 3993, 
ORF3a:T223I, 0,0,0,0,0,0,0,0,0.142857142857, 0,0.00670391061453, 0.00230414746544, 0.0152671755725, 0,0,14, 
ORF7a:V82A, 0.00523560209424, 0.00609756097561, 0,0,0.00200803212851, 0.159574468085, 0.0213903743316, 0.0045045045045, 0,0,0.0256983240223, 0.00460829493088, 0.030534351145, 0.0285714285714, 0,77, 
ORF1a:L4391R, 0,0.146341463415, 0.00328947368421, 0,0,0.0265957446809, 0,0,0.0285714285714, 0.00684931506849, 0.0122905027933, 0.00460829493088, 0,0.0285714285714, 0,48, 
ORF1a:S2695G, 0,0.158536585366, 0.00328947368421, 0,0.00200803212851, 0.031914893617, 0,0,0.0285714285714, 0.00456621004566, 0.0145251396648, 0.00691244239631, 0,0.0285714285714, 0,54, 
ORF1a:M4241I, 0.102617801047, 0.0548780487805, 0.345394736842, 0,0.236947791165, 0.0372340425532, 0.0401069518717, 0.018018018018, 0,0.0251141552511, 0.0972067039106, 0.0460829493088, 0.0229007633588, 0.142857142857, 0.181818181818, 488, 
S:D614G, 0.991623036649, 1.0, 0.993421052632, 1.0, 1.0, 0.946808510638, 0.997326203209, 1.0, 1.0, 1.0, 0.998882681564, 1.0, 0.977099236641, 1.0, 1.0, 4983, 
ORF14:G50N, 0.815706806283, 0.920731707317, 0.480263157895, 0.970588235294, 0.650602409639, 0.723404255319, 0.898395721925, 0.898648648649, 0.971428571429, 0.961187214612, 0.83687150838, 0.935483870968, 0.93893129771, 0.771428571429, 0.636363636364, 4137, 
ORF1a:F2328C, 0,0,0.118421052632, 0,0,0,0,0,0,0,0,0,0,0,0,36, 
ORF1a:E1209D, 0.013612565445, 0,0.105263157895, 0,0.0341365461847, 0,0,0.00225225225225, 0,0.00456621004566, 0.00782122905028, 0,0,0,0,72, 
ORF1a:S3256T, 0,0.189024390244, 0.00328947368421, 0,0,0.031914893617, 0,0,0.0285714285714, 0.00684931506849, 0.0122905027933, 0.00691244239631, 0,0.0285714285714, 0,57, 
S:L452R, 0.0104712041885, 0.0121951219512, 0.00328947368421, 0,0.00401606425703, 0.186170212766, 0.048128342246, 0.0045045045045, 0.0285714285714, 0.00913242009132, 0.0357541899441, 0.00691244239631, 0.030534351145, 0.0571428571429, 0,116, 
ORF14:E51Q, 0.739267015707, 0.853658536585, 0.394736842105, 0.892156862745, 0.614457831325, 0.664893617021, 0.786096256684, 0.858108108108, 0.742857142857, 0.906392694064, 0.769832402235, 0.877880184332, 0.862595419847, 0.742857142857, 0.545454545455, 3801, 
ORF1a:H83Q, 0,0.115853658537, 0.00328947368421, 0,0,0.0212765957447, 0,0,0.0285714285714, 0.00684931506849, 0.0145251396648, 0.00230414746544, 0,0.0285714285714, 0,43, 
S:V1176F, 0.0020942408377, 0,0.00986842105263, 0,0,0,0,0,0.142857142857, 0,0.00670391061453, 0,0.030534351145, 0,0,20, 
S:R158G, 0.00628272251309, 0.00609756097561, 0,0,0.00200803212851, 0.18085106383, 0.0347593582888, 0.0045045045045, 0,0,0.0234636871508, 0.00230414746544, 0.030534351145, 0.0285714285714, 0,84, 
N:G204R, 0.0753926701571, 0.0670731707317, 0.0625, 0.078431372549, 0.0321285140562, 0.0531914893617, 0.117647058824, 0.0405405405405, 0.228571428571, 0.0547945205479, 0.068156424581, 0.0576036866359, 0.0687022900763, 0.0571428571429, 0.0909090909091, 328, 
S:T791K, 0,0.189024390244, 0.00328947368421, 0,0.00200803212851, 0.031914893617, 0,0,0.0285714285714, 0.00684931506849, 0.0145251396648, 0.00691244239631, 0,0.0285714285714, 0,60, 
ORF8:E92K, 0.00104712041885, 0,0.00328947368421, 0,0,0,0,0,0.142857142857, 0,0.00782122905028, 0,0.0152671755725, 0,0,16, 
ORF1a:E632V, 0,0.146341463415, 0,0,0.00200803212851, 0.0265957446809, 0,0,0.0285714285714, 0.00456621004566, 0.0111731843575, 0.00691244239631, 0,0.0285714285714, 0,47, 
S:K417T, 0.00104712041885, 0,0,0,0,0,0,0,0.142857142857, 0,0.00670391061453, 0,0.0152671755725, 0,0,14, 
ORF3a:V29F, 0.00104712041885, 0,0,0,0,0,0,0,0.142857142857, 0,0.00558659217877, 0,0.0152671755725, 0,0,13, 
S:D1118H, 0.784293193717, 0.914634146341, 0.411184210526, 0.980392156863, 0.624497991968, 0.664893617021, 0.874331550802, 0.900900900901, 0.8, 0.952054794521, 0.797765363128, 0.921658986175, 0.862595419847, 0.714285714286, 0.636363636364, 3991, 
ORF1a:A2388S, 0,0.121951219512, 0,0,0,0.0212765957447, 0,0,0.0285714285714, 0.00684931506849, 0.0111731843575, 0.00691244239631, 0,0,0,41, 
S:E484K, 0.0115183246073, 0.00609756097561, 0.0296052631579, 0.00980392156863, 0.00803212851406, 0.0531914893617, 0.0213903743316, 0.0878378378378, 0.171428571429, 0.00913242009132, 0.0290502793296, 0.00921658986175, 0.030534351145, 0.0285714285714, 0,128, 
S:T716I, 0.78219895288, 0.914634146341, 0.398026315789, 0.980392156863, 0.624497991968, 0.664893617021, 0.871657754011, 0.898648648649, 0.8, 0.949771689498, 0.795530726257, 0.921658986175, 0.862595419847, 0.714285714286, 0.636363636364, 3980, 
S:P681R, 0.0104712041885, 0.00609756097561, 0,0,0.00200803212851, 0.18085106383, 0.0347593582888, 0.0045045045045, 0,0,0.0279329608939, 0.00460829493088, 0.030534351145, 0.0285714285714, 0,93, 
S:V70-, 0.874345549738, 0.975609756098, 0.759868421053, 0.980392156863, 0.869477911647, 0.702127659574, 0.901069518717, 0.918918918919, 0.828571428571, 0.977168949772, 0.898324022346, 0.970046082949, 0.885496183206, 0.885714285714, 0.818181818182, 4474, 
ORF1b:Q1441H, 0,0,0,0,0,0.175531914894, 0.0267379679144, 0,0,0,0.00223463687151, 0.00230414746544, 0.0152671755725, 0.0285714285714, 0,49, 
S:T1027I, 0.00104712041885, 0,0.00986842105263, 0,0,0,0.00534759358289, 0.00225225225225, 0.142857142857, 0,0.00893854748603, 0.00230414746544, 0.0152671755725, 0,0,23, 
ORF1a:G1965C, 0,0.182926829268, 0.00328947368421, 0,0.00200803212851, 0.031914893617, 0,0,0.0285714285714, 0.00684931506849, 0.0145251396648, 0.00691244239631, 0,0.0285714285714, 0,59, 
N:D63G, 0.00837696335079, 0.00609756097561, 0,0,0,0.18085106383, 0.0347593582888, 0.0045045045045, 0,0,0.0234636871508, 0.00230414746544, 0.030534351145, 0.0285714285714, 0,85, 
ORF1a:K1795Q, 0,0,0.00328947368421, 0,0,0,0,0,0.142857142857, 0,0.00670391061453, 0,0.0152671755725, 0,0,14, 
ORF1a:T1001I, 0.785340314136, 0.914634146341, 0.404605263158, 0.980392156863, 0.622489959839, 0.707446808511, 0.868983957219, 0.898648648649, 0.8, 0.949771689498, 0.795530726257, 0.921658986175, 0.885496183206, 0.714285714286, 0.636363636364, 3994, 
M:I82T, 0.0104712041885, 0.0121951219512, 0.00328947368421, 0,0.00200803212851, 0.186170212766, 0.0534759358289, 0.0045045045045, 0.0285714285714, 0.00228310502283, 0.0379888268156, 0.00691244239631, 0.030534351145, 0.0571428571429, 0,116, 
S:D138Y, 0.00314136125654, 0,0.0197368421053, 0,0,0,0,0.00225225225225, 0.142857142857, 0,0.0100558659218, 0.00230414746544, 0.0381679389313, 0.0285714285714, 0,31, 
N:S235F, 0.788481675393, 0.920731707317, 0.427631578947, 0.980392156863, 0.624497991968, 0.707446808511, 0.874331550802, 0.894144144144, 0.771428571429, 0.949771689498, 0.793296089385, 0.914746543779, 0.87786259542, 0.742857142857, 0.636363636364, 4000, 
ORF1a:S1188L, 0.00104712041885, 0.00609756097561, 0.00328947368421, 0,0,0,0.00802139037433, 0.0045045045045, 0.142857142857, 0,0.00558659217877, 0,0.0152671755725, 0,0,20, 
S:F157-, 0.00628272251309, 0.00609756097561, 0,0,0.00200803212851, 0.18085106383, 0.0347593582888, 0.0045045045045, 0,0,0.0256983240223, 0.00460829493088, 0.030534351145, 0.0285714285714, 0,87, 
ORF1a:N2449K, 0,0.189024390244, 0.00328947368421, 0,0.00200803212851, 0.031914893617, 0,0,0.0285714285714, 0.00684931506849, 0.0145251396648, 0.00691244239631, 0,0.0285714285714, 0,60, 
M:V66L, 0.0314136125654, 0.00609756097561, 0,0,0.00200803212851, 0.0159574468085, 0,0.00225225225225, 0,0.00228310502283, 0.0100558659218, 0.0345622119816, 0.137404580153, 0,0,79, 
N:D3L, 0.789528795812, 0.914634146341, 0.414473684211, 0.980392156863, 0.624497991968, 0.707446808511, 0.879679144385, 0.896396396396, 0.8, 0.952054794521, 0.795530726257, 0.91935483871, 0.885496183206, 0.742857142857, 0.636363636364, 4006, 
S:A570D, 0.767539267016, 0.908536585366, 0.401315789474, 0.980392156863, 0.624497991968, 0.664893617021, 0.868983957219, 0.898648648649, 0.8, 0.952054794521, 0.779888268156, 0.841013824885, 0.862595419847, 0.714285714286, 0.636363636364, 3917, 
ORF14:Q46*, 0.0167539267016, 0,0.105263157895, 0,0.0361445783133, 0,0.00267379679144, 0.00225225225225, 0,0.00456621004566, 0.0111731843575, 0,0,0,0,80, 
ORF1b:A1392T, 0.0335078534031, 0,0,0,0,0.170212765957, 0,0,0,0.00456621004566, 0.0100558659218, 0.0115207373272, 0.00763358778626, 0,0,81, 
S:T95I, 0.0104712041885, 0,0.105263157895, 0.0294117647059, 0.00200803212851, 0,0.0267379679144, 0.00675675675676, 0.0285714285714, 0.0114155251142, 0.0413407821229, 0.0115207373272, 0.00763358778626, 0,0,108, 
ORF1a:P309L, 0.00418848167539, 0,0.00328947368421, 0,0.00200803212851, 0.117021276596, 0.0294117647059, 0.00225225225225, 0,0.0182648401826, 0.00558659217877, 0.00230414746544, 0.030534351145, 0.0285714285714, 0,59, 
ORF8:F120-, 0.00732984293194, 0.00609756097561, 0,0,0.00200803212851, 0.18085106383, 0.0347593582888, 0.0045045045045, 0,0,0.0234636871508, 0.00230414746544, 0.030534351145, 0.0285714285714, 0,85, 
ORF1a:P1640L, 0.00628272251309, 0.00609756097561, 0.0131578947368, 0,0,0.18085106383, 0.0320855614973, 0.0045045045045, 0,0,0.0111731843575, 0.00230414746544, 0.030534351145, 0.0285714285714, 0,75, 
ORF3a:Q38R, 0.0157068062827, 0,0.105263157895, 0,0.0341365461847, 0,0.00267379679144, 0.00225225225225, 0,0.00456621004566, 0.00893854748603, 0,0,0,0,76, 
ORF1a:F1960L, 0,0.170731707317, 0.00328947368421, 0,0,0.031914893617, 0,0,0.0285714285714, 0.00684931506849, 0.0145251396648, 0.00691244239631, 0,0.0285714285714, 0,56, 
ORF1b:H1213Y, 0.103664921466, 0.0548780487805, 0.365131578947, 0,0.240963855422, 0.0372340425532, 0.0401069518717, 0.018018018018, 0,0.0296803652968, 0.0949720670391, 0.0460829493088, 0.0229007633588, 0.142857142857, 0.181818181818, 497, 
ORF3a:I118M, 0,0,0,0,0,0,0,0,0.142857142857, 0,0.00446927374302, 0,0.0152671755725, 0,0,11, 
S:P681H, 0.788481675393, 0.823170731707, 0.414473684211, 0.980392156863, 0.630522088353, 0.664893617021, 0.882352941176, 0.900900900901, 0.828571428571, 0.949771689498, 0.801117318436, 0.923963133641, 0.862595419847, 0.714285714286, 0.636363636364, 3991, 
ORF1a:G3676-, 0.779057591623, 0.914634146341, 0.266447368421, 0.990196078431, 0.626506024096, 0.755319148936, 0.743315508021, 0.970720720721, 0.914285714286, 0.917808219178, 0.816759776536, 0.926267281106, 0.893129770992, 0.742857142857, 0.636363636364, 3956, 
S:H69-, 0.875392670157, 0.975609756098, 0.759868421053, 0.980392156863, 0.869477911647, 0.702127659574, 0.906417112299, 0.918918918919, 0.828571428571, 0.977168949772, 0.898324022346, 0.970046082949, 0.885496183206, 0.914285714286, 0.818181818182, 4478, 
ORF3a:S26L, 0.0104712041885, 0,0,0,0.00200803212851, 0.175531914894, 0.0347593582888, 0.0045045045045, 0,0,0.0279329608939, 0.00460829493088, 0.030534351145, 0.0285714285714, 0,91, 
S:R190S, 0.00104712041885, 0,0.00328947368421, 0,0,0,0,0,0.142857142857, 0,0.00670391061453, 0,0.0152671755725, 0,0,15, 
ORF8:R52I, 0.730890052356, 0.908536585366, 0.384868421053, 0.980392156863, 0.638554216867, 0.707446808511, 0.874331550802, 0.864864864865, 0.8, 0.947488584475, 0.794413407821, 0.910138248848, 0.87786259542, 0.742857142857, 0.636363636364, 3923, 
ORF1b:A1521S, 0.103664921466, 0.0548780487805, 0.348684210526, 0,0.234939759036, 0.0372340425532, 0.0401069518717, 0.018018018018, 0,0.0251141552511, 0.0949720670391, 0.0460829493088, 0.0229007633588, 0.142857142857, 0.181818181818, 487, 
N:R203M, 0.00837696335079, 0.00609756097561, 0,0,0.00200803212851, 0.18085106383, 0.0347593582888, 0.0045045045045, 0,0,0.0268156424581, 0.00460829493088, 0.030534351145, 0.0285714285714, 0,90, 
N:D377Y, 0.0104712041885, 0,0,0,0,0.18085106383, 0.0374331550802, 0.00900900900901, 0,0,0.0290502793296, 0.00460829493088, 0.0534351145038, 0.0285714285714, 0,98, 
N:R203K, 0.814659685864, 0.920731707317, 0.480263157895, 0.980392156863, 0.652610441767, 0.723404255319, 0.898395721925, 0.898648648649, 1.0, 0.961187214612, 0.839106145251, 0.937788018433, 0.946564885496, 0.8, 0.636363636364, 4144, 
N:P199L, 0.0167539267016, 0,0.105263157895, 0,0.0361445783133, 0,0.00267379679144, 0.00225225225225, 0,0.00456621004566, 0.0111731843575, 0,0,0,0,80, 
ORF9b:T60A, 0.00837696335079, 0.00609756097561, 0,0,0,0.18085106383, 0.0347593582888, 0.0045045045045, 0,0,0.0234636871508, 0.00230414746544, 0.030534351145, 0.0285714285714, 0,85, 
S:Y144-, 0.769633507853, 0.920731707317, 0.430921052632, 0.980392156863, 0.622489959839, 0.670212765957, 0.874331550802, 0.900900900901, 0.8, 0.942922374429, 0.803351955307, 0.914746543779, 0.854961832061, 0.714285714286, 0.636363636364, 3981, 
ORF10:Q29*, 0.00104712041885, 0,0.00986842105263, 0,0,0,0.00267379679144, 0,0.142857142857, 0,0.00558659217877, 0,0.0152671755725, 0,0,17, 
N:G204P, 0.738219895288, 0.853658536585, 0.391447368421, 0.901960784314, 0.616465863454, 0.664893617021, 0.786096256684, 0.858108108108, 0.771428571429, 0.906392694064, 0.769832402235, 0.877880184332, 0.870229007634, 0.742857142857, 0.545454545455, 3803, 
ORF1a:C2282S, 0,0.121951219512, 0.00328947368421, 0,0,0.0265957446809, 0,0,0.0285714285714, 0.00456621004566, 0.0145251396648, 0.00460829493088, 0,0,0,44, 
ORF8:D119-, 0.00732984293194, 0.00609756097561, 0,0,0.00200803212851, 0.18085106383, 0.0347593582888, 0.0045045045045, 0,0,0.0234636871508, 0.00230414746544, 0.030534351145, 0.0285714285714, 0,85, 
ORF8:K68*, 0.742408376963, 0.859756097561, 0.398026315789, 0.93137254902, 0.622489959839, 0.670212765957, 0.775401069519, 0.842342342342, 0.657142857143, 0.908675799087, 0.736312849162, 0.873271889401, 0.847328244275, 0.742857142857, 0.636363636364, 3769, 
S:L18F, 0.0219895287958, 0.00609756097561, 0.0263157894737, 0.00980392156863, 0.00803212851406, 0.0531914893617, 0.0133689839572, 0.0743243243243, 0.171428571429, 0.00913242009132, 0.0223463687151, 0.00230414746544, 0.0152671755725, 0.0285714285714, 0,117, 
ORF1a:M2374I, 0,0.189024390244, 0.00328947368421, 0,0.00200803212851, 0.031914893617, 0,0,0.0285714285714, 0.00684931506849, 0.0145251396648, 0.00691244239631, 0,0.0285714285714, 0,60, 
ORF1a:S3675-, 0.779057591623, 0.914634146341, 0.266447368421, 0.990196078431, 0.626506024096, 0.755319148936, 0.743315508021, 0.970720720721, 0.914285714286, 0.917808219178, 0.816759776536, 0.926267281106, 0.893129770992, 0.742857142857, 0.636363636364, 3956, 
S:T20N, 0.00314136125654, 0,0.00328947368421, 0,0,0,0,0,0.142857142857, 0,0.00558659217877, 0,0.0152671755725, 0,0,16, 
ORF14:V49L, 0.00104712041885, 0,0.00657894736842, 0,0,0,0,0,0.142857142857, 0,0.00558659217877, 0,0.0152671755725, 0,0,15, 
ORF1b:E1264D, 0.00104712041885, 0,0.00328947368421, 0,0,0,0,0,0.142857142857, 0,0.00670391061453, 0,0.0152671755725, 0,0,15, 
other, 3.88376963351, 4.17682926829, 5.04934210526, 1.78431372549, 3.50602409639, 4.45212765957, 3.81818181818, 4.62162162162, 2.62857142857, 3.33105022831, 3.20670391061, 3.02534562212, 2.52671755725, 4.25714285714, 4.63636363636, 