,1_244,2_30,3_71,4_86,5_284,6_600,7_412,8_362,NA_478,10_402,11_296,12_63,13_56,14_99,15_135,16_49,17_164,18_96,53_7,9_235
ORF7a:T120I, 0.00819672131148, 0,0,0,0,0,0,0,0,0,0,0,0,0,0,0,0.0243902439024, 0.0104166666667, 0,0,
ORF8:Q27*, 0.364754098361, 0.5, 0.746478873239, 0.453488372093, 0.890845070423, 0.896666666667, 0.759708737864, 0.674033149171, 0.822175732218, 0.808457711443, 0.878378378378, 0.920634920635, 0.946428571429, 0.959595959596, 0.555555555556, 0.877551020408, 0.914634146341, 0.9375, 0,0.71914893617, 
ORF1a:F3677-, 0.360655737705, 0.433333333333, 0.732394366197, 0.441860465116, 0.890845070423, 0.875, 0.76213592233, 0.671270718232, 0.803347280335, 0.853233830846, 0.915540540541, 0.936507936508, 0.910714285714, 0.989898989899, 0.592592592593, 0.979591836735, 0.951219512195, 0.958333333333, 0,0.731914893617, 
ORF1b:K1141R, 0.0573770491803, 0.133333333333, 0,0.093023255814, 0,0.00833333333333, 0.00728155339806, 0.0110497237569, 0.0125523012552, 0.00995024875622, 0,0,0,0,0.037037037037, 0,0,0,0,0,
N:T205I, 0.016393442623, 0.0333333333333, 0.0140845070423, 0,0.0246478873239, 0.00333333333333, 0.0169902912621, 0.00552486187845, 0.00627615062762, 0.0621890547264, 0.0371621621622, 0.031746031746, 0.0178571428571, 0.020202020202, 0,0.0816326530612, 0.00609756097561, 0,0.285714285714, 0.068085106383, 
S:N501Y, 0.368852459016, 0.5, 0.746478873239, 0.441860465116, 0.890845070423, 0.9, 0.771844660194, 0.67679558011, 0.805439330544, 0.756218905473, 0.915540540541, 0.952380952381, 0.910714285714, 0.686868686869, 0.540740740741, 0.897959183673, 0.920731707317, 0.947916666667, 0,0.736170212766, 
ORF8:K68*, 0.352459016393, 0.5, 0.704225352113, 0.453488372093, 0.87676056338, 0.871666666667, 0.71359223301, 0.638121546961, 0.692468619247, 0.778606965174, 0.858108108108, 0.873015873016, 0.910714285714, 0.939393939394, 0.518518518519, 0.795918367347, 0.878048780488, 0.895833333333, 0,0.685106382979, 
ORF1b:P1000L, 0,0,0,0,0,0,0,0,0,0,0,0,0,0,0,0,0.0243902439024, 0.0104166666667, 0,0,
ORF3a:Q57H, 0.0573770491803, 0.133333333333, 0,0.093023255814, 0.00352112676056, 0.00833333333333, 0.0169902912621, 0.0165745856354, 0.0209205020921, 0.0621890547264, 0.0304054054054, 0.031746031746, 0.0178571428571, 0.020202020202, 0.037037037037, 0.0816326530612, 0,0.0104166666667, 0,0.0170212765957, 
S:T19R, 0,0,0,0,0,0,0,0,0,0,0,0,0,0,0,0,0.0243902439024, 0.0104166666667, 0,0,
S:T478K, 0,0,0,0,0,0,0,0,0,0,0,0,0,0,0,0,0.030487804878, 0.0104166666667, 0,0,
S:E156-, 0,0,0,0,0,0,0,0,0,0,0,0,0,0,0,0,0.0243902439024, 0.0104166666667, 0,0,
S:N439K, 0.364754098361, 0.333333333333, 0.183098591549, 0.325581395349, 0.0950704225352, 0.05, 0.160194174757, 0.256906077348, 0.115062761506, 0.0771144278607, 0.0472972972973, 0.015873015873, 0.0535714285714, 0,0.177777777778, 0,0,0.0104166666667, 0.714285714286, 0.225531914894, 
ORF14:L52F, 0.016393442623, 0.0333333333333, 0.0140845070423, 0,0.0246478873239, 0.00333333333333, 0.0169902912621, 0.0110497237569, 0.00627615062762, 0.0572139303483, 0.0371621621622, 0.031746031746, 0.0178571428571, 0.020202020202, 0,0.0816326530612, 0.00609756097561, 0,0.285714285714, 0.068085106383, 
S:S982A, 0.368852459016, 0.466666666667, 0.746478873239, 0.441860465116, 0.894366197183, 0.901666666667, 0.757281553398, 0.671270718232, 0.803347280335, 0.793532338308, 0.885135135135, 0.920634920635, 0.892857142857, 0.959595959596, 0.57037037037, 0.877551020408, 0.951219512195, 0.947916666667, 0,0.71914893617, 
ORF1b:P314L, 0.995901639344, 1.0, 1.0, 1.0, 1.0, 1.0, 0.995145631068, 0.994475138122, 0.997907949791, 0.915422885572, 0.989864864865, 0.984126984127, 0.946428571429, 0.787878787879, 0.97037037037, 0.918367346939, 0.932926829268, 1.0, 1.0, 0.991489361702, 
ORF1b:G662S, 0,0,0,0,0,0,0,0,0,0,0,0,0,0,0,0,0.0243902439024, 0.0104166666667, 0,0,
S:H69-, 0.741803278689, 0.8, 0.929577464789, 0.767441860465, 0.985915492958, 0.95, 0.912621359223, 0.925414364641, 0.92050209205, 0.873134328358, 0.925675675676, 0.952380952381, 0.946428571429, 0.959595959596, 0.762962962963, 0.877551020408, 0.951219512195, 0.958333333333, 0.714285714286, 0.944680851064, 
ORF1b:V711I, 0.360655737705, 0.333333333333, 0.169014084507, 0.325581395349, 0.0950704225352, 0.0483333333333, 0.155339805825, 0.24861878453, 0.115062761506, 0.0671641791045, 0.0405405405405, 0.015873015873, 0.0357142857143, 0,0.177777777778, 0,0,0.0104166666667, 0.714285714286, 0.221276595745, 
ORF1b:I2509V, 0.0573770491803, 0,0.0281690140845, 0.093023255814, 0.0281690140845, 0.0166666666667, 0.0388349514563, 0.0635359116022, 0.0188284518828, 0.00497512437811, 0,0,0.0178571428571, 0,0,0,0,0,0,0.00851063829787, 
ORF8:Y73C, 0.372950819672, 0.5, 0.746478873239, 0.453488372093, 0.890845070423, 0.895, 0.757281553398, 0.668508287293, 0.803347280335, 0.808457711443, 0.878378378378, 0.920634920635, 0.928571428571, 0.959595959596, 0.555555555556, 0.877551020408, 0.920731707317, 0.9375, 0,0.71914893617, 
S:D950N, 0,0,0,0,0,0,0,0,0,0,0,0,0,0,0,0,0.0243902439024, 0.0104166666667, 0,0,
N:M234I, 0.0614754098361, 0.133333333333, 0,0.093023255814, 0.00352112676056, 0.00666666666667, 0.00970873786408, 0.0110497237569, 0.0146443514644, 0.00995024875622, 0.0168918918919, 0,0,0,0.0518518518519, 0,0,0.0104166666667, 0.142857142857, 0,
ORF1a:A1708D, 0.360655737705, 0.466666666667, 0.746478873239, 0.441860465116, 0.890845070423, 0.901666666667, 0.757281553398, 0.671270718232, 0.805439330544, 0.803482587065, 0.885135135135, 0.888888888889, 0.892857142857, 0.959595959596, 0.562962962963, 0.877551020408, 0.951219512195, 0.947916666667, 0,0.714893617021, 
ORF7a:V82A, 0,0,0,0,0,0,0,0,0,0,0,0,0,0.010101010101, 0.00740740740741, 0.0204081632653, 0,0,0,0,
ORF8:R52I, 0.360655737705, 0.466666666667, 0.746478873239, 0.441860465116, 0.880281690141, 0.893333333333, 0.754854368932, 0.662983425414, 0.820083682008, 0.781094527363, 0.878378378378, 0.920634920635, 0.946428571429, 0.939393939394, 0.555555555556, 0.877551020408, 0.719512195122, 0.895833333333, 0,0.710638297872, 
ORF1a:M4241I, 0.364754098361, 0.333333333333, 0.183098591549, 0.325581395349, 0.0950704225352, 0.0483333333333, 0.155339805825, 0.24861878453, 0.112970711297, 0.0696517412935, 0.0405405405405, 0.015873015873, 0.0357142857143, 0,0.177777777778, 0,0,0.0104166666667, 0.714285714286, 0.225531914894, 
S:D614G, 0.995901639344, 1.0, 1.0, 1.0, 1.0, 0.993333333333, 0.995145631068, 0.997237569061, 0.997907949791, 0.985074626866, 1.0, 1.0, 0.982142857143, 1.0, 0.992592592593, 1.0, 0.993902439024, 1.0, 1.0, 1.0, 
S:A570D, 0.360655737705, 0.466666666667, 0.746478873239, 0.441860465116, 0.894366197183, 0.901666666667, 0.757281553398, 0.674033149171, 0.803347280335, 0.756218905473, 0.885135135135, 0.920634920635, 0.892857142857, 0.454545454545, 0.562962962963, 0.877551020408, 0.951219512195, 0.947916666667, 0,0.71914893617, 
ORF14:G50N, 0.467213114754, 0.533333333333, 0.774647887324, 0.476744186047, 0.866197183099, 0.881666666667, 0.769417475728, 0.693370165746, 0.811715481172, 0.833333333333, 0.902027027027, 0.920634920635, 0.910714285714, 0.969696969697, 0.674074074074, 0.877551020408, 0.975609756098, 0.96875, 0.142857142857, 0.723404255319, 
ORF1b:R1365L, 0,0,0,0,0,0,0,0,0,0,0.0506756756757, 0.031746031746, 0,0,0.133333333333, 0.387755102041, 0,0.0208333333333, 0,0,
S:L452R, 0.00409836065574, 0,0,0,0,0,0.00242718446602, 0.00552486187845, 0,0,0,0,0,0.010101010101, 0.00740740740741, 0.0204081632653, 0.0243902439024, 0.0208333333333, 0,0,
ORF14:E51Q, 0.352459016393, 0.5, 0.718309859155, 0.43023255814, 0.827464788732, 0.85, 0.68932038835, 0.646408839779, 0.769874476987, 0.768656716418, 0.851351351351, 0.873015873016, 0.892857142857, 0.929292929293, 0.540740740741, 0.775510204082, 0.896341463415, 0.90625, 0,0.672340425532, 
N:G204R, 0.0983606557377, 0.0333333333333, 0.056338028169, 0.046511627907, 0.0387323943662, 0.0216666666667, 0.0339805825243, 0.0386740331492, 0.0397489539749, 0.0646766169154, 0.0506756756757, 0.047619047619, 0.0357142857143, 0.040404040404, 0.133333333333, 0.102040816327, 0.0792682926829, 0.0625, 0.142857142857, 0.0468085106383, 
N:A376T, 0.0573770491803, 0.133333333333, 0,0.093023255814, 0,0.005, 0.00728155339806, 0.0110497237569, 0.0125523012552, 0.00995024875622, 0,0,0,0,0.037037037037, 0,0,0,0,0,
S:D1118H, 0.364754098361, 0.466666666667, 0.746478873239, 0.441860465116, 0.894366197183, 0.901666666667, 0.759708737864, 0.674033149171, 0.803347280335, 0.796019900498, 0.885135135135, 0.936507936508, 0.892857142857, 0.959595959596, 0.577777777778, 0.897959183673, 0.951219512195, 0.947916666667, 0,0.71914893617, 
S:E484K, 0,0,0,0,0,0.00333333333333, 0.0121359223301, 0.00552486187845, 0.00418410041841, 0.0522388059701, 0.0506756756757, 0.047619047619, 0.0178571428571, 0.030303030303, 0.0296296296296, 0.122448979592, 0,0.0104166666667, 0,0.0170212765957, 
ORF1b:V767L, 0.0573770491803, 0.133333333333, 0,0.093023255814, 0,0.00833333333333, 0.00728155339806, 0.0110497237569, 0.0125523012552, 0.00995024875622, 0,0,0,0,0.037037037037, 0,0,0,0,0,
S:T716I, 0.360655737705, 0.466666666667, 0.746478873239, 0.441860465116, 0.894366197183, 0.9, 0.757281553398, 0.671270718232, 0.803347280335, 0.793532338308, 0.885135135135, 0.920634920635, 0.892857142857, 0.959595959596, 0.57037037037, 0.877551020408, 0.951219512195, 0.947916666667, 0,0.71914893617, 
S:P681R, 0,0,0,0,0,0,0,0.00276243093923, 0,0,0,0,0,0.010101010101, 0.00740740740741, 0.0204081632653, 0.0243902439024, 0.0104166666667, 0,0,
S:V70-, 0.741803278689, 0.8, 0.929577464789, 0.767441860465, 0.985915492958, 0.95, 0.912621359223, 0.925414364641, 0.92050209205, 0.870646766169, 0.925675675676, 0.952380952381, 0.946428571429, 0.959595959596, 0.762962962963, 0.877551020408, 0.951219512195, 0.958333333333, 0.714285714286, 0.944680851064, 
ORF1b:R1366D, 0,0,0,0,0,0,0,0,0,0,0.0506756756757, 0.031746031746, 0,0,0.133333333333, 0.387755102041, 0,0.0104166666667, 0,0,
ORF1a:S3675-, 0.360655737705, 0.433333333333, 0.732394366197, 0.441860465116, 0.890845070423, 0.875, 0.76213592233, 0.671270718232, 0.803347280335, 0.853233830846, 0.915540540541, 0.936507936508, 0.910714285714, 0.989898989899, 0.592592592593, 0.979591836735, 0.951219512195, 0.958333333333, 0,0.731914893617, 
N:D63G, 0,0,0,0,0,0,0,0,0,0,0,0,0,0,0,0,0.0121951219512, 0.0104166666667, 0,0,
M:I82T, 0.00409836065574, 0,0,0,0,0,0,0,0,0,0,0,0,0.010101010101, 0.0148148148148, 0,0.0243902439024, 0.0104166666667, 0,0,
N:S235F, 0.348360655738, 0.5, 0.732394366197, 0.406976744186, 0.693661971831, 0.643333333333, 0.614077669903, 0.651933701657, 0.792887029289, 0.808457711443, 0.881756756757, 0.920634920635, 0.910714285714, 0.949494949495, 0.57037037037, 0.857142857143, 0.957317073171, 0.9375, 0,0.706382978723, 
ORF1a:M3087I, 0.0573770491803, 0.133333333333, 0,0.093023255814, 0,0.00833333333333, 0.00728155339806, 0.0110497237569, 0.0125523012552, 0.00995024875622, 0,0,0,0,0.037037037037, 0,0,0,0,0,
ORF1a:E3764D, 0.0696721311475, 0.166666666667, 0.0140845070423, 0.0232558139535, 0.0140845070423, 0.00666666666667, 0.0412621359223, 0.0939226519337, 0.00836820083682, 0.0223880597015, 0.00675675675676, 0.015873015873, 0,0,0.0296296296296, 0,0,0,0.142857142857, 0.068085106383, 
S:F157-, 0,0,0,0,0,0,0,0,0,0,0,0,0,0,0,0,0.0243902439024, 0.0104166666667, 0,0,
ORF1a:I2501T, 0.364754098361, 0.333333333333, 0.183098591549, 0.325581395349, 0.0950704225352, 0.05, 0.162621359223, 0.254143646409, 0.117154811715, 0.0746268656716, 0.0472972972973, 0.015873015873, 0.0357142857143, 0,0.185185185185, 0,0,0.0104166666667, 0.714285714286, 0.225531914894, 
N:D3L, 0.356557377049, 0.533333333333, 0.732394366197, 0.406976744186, 0.693661971831, 0.646666666667, 0.611650485437, 0.651933701657, 0.794979079498, 0.81592039801, 0.885135135135, 0.920634920635, 0.910714285714, 0.959595959596, 0.57037037037, 0.857142857143, 0.94512195122, 0.947916666667, 0,0.706382978723, 
ORF1b:A176S, 0.0573770491803, 0.133333333333, 0,0.093023255814, 0,0.00833333333333, 0.00728155339806, 0.0110497237569, 0.0125523012552, 0.00995024875622, 0,0,0,0,0.0444444444444, 0,0,0,0,0,
ORF8:F120-, 0,0,0,0,0,0,0,0,0,0,0,0,0,0,0,0,0.0243902439024, 0.0104166666667, 0,0,
ORF1b:E1184D, 0.0573770491803, 0.133333333333, 0.0140845070423, 0.093023255814, 0,0.00833333333333, 0.00728155339806, 0.0110497237569, 0.0125523012552, 0.00995024875622, 0,0,0,0,0.037037037037, 0,0,0,0,0,
ORF1b:H1213Y, 0.364754098361, 0.333333333333, 0.169014084507, 0.325581395349, 0.0950704225352, 0.05, 0.162621359223, 0.254143646409, 0.115062761506, 0.0721393034826, 0.0472972972973, 0.015873015873, 0.0357142857143, 0,0.17037037037, 0,0,0.0104166666667, 0.714285714286, 0.221276595745, 
ORF1a:I2230T, 0.368852459016, 0.466666666667, 0.746478873239, 0.441860465116, 0.894366197183, 0.9, 0.759708737864, 0.674033149171, 0.805439330544, 0.798507462687, 0.885135135135, 0.888888888889, 0.875, 0.959595959596, 0.555555555556, 0.836734693878, 0.94512195122, 0.947916666667, 0,0.723404255319, 
ORF1a:T1001I, 0.360655737705, 0.466666666667, 0.746478873239, 0.441860465116, 0.894366197183, 0.903333333333, 0.757281553398, 0.671270718232, 0.807531380753, 0.800995024876, 0.885135135135, 0.888888888889, 0.892857142857, 0.959595959596, 0.57037037037, 0.857142857143, 0.951219512195, 0.947916666667, 0,0.706382978723, 
S:P681H, 0.364754098361, 0.466666666667, 0.746478873239, 0.441860465116, 0.901408450704, 0.911666666667, 0.759708737864, 0.67679558011, 0.805439330544, 0.798507462687, 0.885135135135, 0.936507936508, 0.892857142857, 0.959595959596, 0.592592592593, 0.897959183673, 0.94512195122, 0.958333333333, 0,0.71914893617, 
ORF1a:G3676-, 0.360655737705, 0.433333333333, 0.732394366197, 0.441860465116, 0.890845070423, 0.875, 0.76213592233, 0.671270718232, 0.803347280335, 0.853233830846, 0.915540540541, 0.936507936508, 0.910714285714, 0.989898989899, 0.592592592593, 0.979591836735, 0.951219512195, 0.958333333333, 0,0.731914893617, 
ORF3a:S26L, 0,0,0,0,0.00352112676056, 0,0.00485436893204, 0,0,0,0,0,0,0.010101010101, 0.00740740740741, 0.0204081632653, 0.0243902439024, 0.0104166666667, 0,0,
ORF1b:A1521S, 0.360655737705, 0.333333333333, 0.169014084507, 0.325581395349, 0.0950704225352, 0.0483333333333, 0.155339805825, 0.24861878453, 0.112970711297, 0.0671641791045, 0.0405405405405, 0.015873015873, 0.0357142857143, 0,0.17037037037, 0,0,0.0104166666667, 0.714285714286, 0.221276595745, 
N:R203K, 0.450819672131, 0.533333333333, 0.760563380282, 0.43023255814, 0.704225352113, 0.655, 0.626213592233, 0.668508287293, 0.803347280335, 0.833333333333, 0.902027027027, 0.920634920635, 0.910714285714, 0.969696969697, 0.674074074074, 0.877551020408, 0.975609756098, 0.96875, 0.142857142857, 0.714893617021, 
N:R203M, 0,0,0,0,0,0,0,0,0,0,0,0,0,0.010101010101, 0.00740740740741, 0.0204081632653, 0.0182926829268, 0.0104166666667, 0,0,
N:D377Y, 0,0,0,0,0,0,0,0,0.00418410041841, 0,0,0,0,0.010101010101, 0.00740740740741, 0.0204081632653, 0.0426829268293, 0.0104166666667, 0,0,
S:Y144-, 0.356557377049, 0.466666666667, 0.760563380282, 0.441860465116, 0.890845070423, 0.903333333333, 0.76213592233, 0.67679558011, 0.803347280335, 0.800995024876, 0.885135135135, 0.936507936508, 0.892857142857, 0.969696969697, 0.577777777778, 0.877551020408, 0.951219512195, 0.9375, 0,0.71914893617, 
S:L1063F, 0.0614754098361, 0,0.0281690140845, 0.093023255814, 0.0281690140845, 0.0166666666667, 0.0388349514563, 0.0635359116022, 0.0188284518828, 0.00497512437811, 0,0,0.0178571428571, 0,0.00740740740741, 0,0,0,0,0.00851063829787, 
N:G204P, 0.344262295082, 0.5, 0.704225352113, 0.383720930233, 0.665492957746, 0.633333333333, 0.584951456311, 0.621546961326, 0.759414225941, 0.768656716418, 0.851351351351, 0.873015873016, 0.875, 0.929292929293, 0.540740740741, 0.775510204082, 0.896341463415, 0.895833333333, 0,0.663829787234, 
ORF8:D119-, 0,0,0,0,0,0,0,0,0,0,0,0,0,0,0,0,0.0243902439024, 0.0104166666667, 0,0,
S:S477N, 0.0573770491803, 0.133333333333, 0,0.093023255814, 0,0.00833333333333, 0.00728155339806, 0.0110497237569, 0.0125523012552, 0.00995024875622, 0,0.015873015873, 0,0,0.0444444444444, 0.0204081632653, 0,0,0,0,
