,unknown_180,Jihocesky_45,Jihomoravsky_685,Karlovarsky_62,Kralovehradecky_71,Liberecky_9,Moravskoslezsky_238,Olomoucky_196,Pardubicky_86,Plzensky_109,Praha_580,Stredocesky_231,Ustecky_99,Vysocina_349,Zlinsky_167,pocet_0
ORF7a:T120I, 1.0, 1.0, 0.994160583942, 1.0, 1.0, 0.888888888889, 0.970588235294, 0.954081632653, 0.976744186047, 1.0, 0.989655172414, 0.982683982684, 1.0, 0.994269340974, 1.0, 3072, 
S:S1252P, 0,0,0.0160583941606, 0,0,0,0.113445378151, 0.0102040816327, 0,0,0.00862068965517, 0,0,0.00573065902579, 0.0059880239521, 48, 
ORF1a:T3646A, 0.861111111111, 0.777777777778, 0.767883211679, 0.935483870968, 0.957746478873, 0.444444444444, 0.878151260504, 0.852040816327, 0.837209302326, 0.743119266055, 0.765517241379, 0.714285714286, 0.727272727273, 0.604584527221, 0.874251497006, 2413, 
ORF1a:T2836I, 0,0,0.00583941605839, 0,0,0,0.117647058824, 0.0102040816327, 0,0,0.00172413793103, 0,0,0.00286532951289, 0.0059880239521, 37, 
ORF1a:A2529V, 0.244444444444, 0.244444444444, 0.128467153285, 0.564516129032, 0.169014084507, 0,0.252100840336, 0.40306122449, 0.186046511628, 0.403669724771, 0.124137931034, 0.0952380952381, 0.333333333333, 0.0687679083095, 0.0898203592814, 555, 
S:T95I, 0.272222222222, 0.288888888889, 0.4, 0.661290322581, 0.464788732394, 0.111111111111, 0.432773109244, 0.581632653061, 0.348837209302, 0.504587155963, 0.25, 0.277056277056, 0.40404040404, 0.223495702006, 0.203592814371, 1074, 
ORF1b:P2313S, 0.00555555555556, 0,0.0029197080292, 0,0.0140845070423, 0,0.100840336134, 0.030612244898, 0,0.0825688073394, 0.0155172413793, 0,0,0.00859598853868, 0.0059880239521, 56, 
ORF7a:P45L, 0.205555555556, 0.0888888888889, 0.102189781022, 0.129032258065, 0.0704225352113, 0.111111111111, 0.0546218487395, 0.0714285714286, 0.093023255814, 0.0642201834862, 0.191379310345, 0.0865800865801, 0.232323232323, 0.0687679083095, 0.335329341317, 401, 
ORF14:G50W, 1.0, 1.0, 0.997080291971, 1.0, 1.0, 0.888888888889, 1.0, 0.984693877551, 0.988372093023, 1.0, 0.994827586207, 0.982683982684, 1.0, 1.0, 1.0, 3093, 
S:G142D, 0.488888888889, 0.955555555556, 0.913868613139, 1.0, 0.859154929577, 0.888888888889, 0.915966386555, 0.984693877551, 0.906976744186, 0.935779816514, 0.936206896552, 0.974025974026, 0.959595959596, 0.865329512894, 0.976047904192, 2807, 
ORF1a:V3718A, 0.122222222222, 0.222222222222, 0.179562043796, 0.0483870967742, 0.0422535211268, 0.333333333333, 0.0966386554622, 0.0816326530612, 0.139534883721, 0.220183486239, 0.227586206897, 0.285714285714, 0.212121212121, 0.315186246418, 0.119760479042, 588, 
S:D979E, 0.0222222222222, 0.222222222222, 0.118248175182, 0.0483870967742, 0.0140845070423, 0,0.046218487395, 0.0204081632653, 0.0697674418605, 0.128440366972, 0.127586206897, 0.164502164502, 0.111111111111, 0.249283667622, 0.0239520958084, 348, 
ORF1b:P1000L, 1.0, 1.0, 0.995620437956, 1.0, 1.0, 0.888888888889, 0.995798319328, 0.959183673469, 0.976744186047, 1.0, 0.994827586207, 0.991341991342, 1.0, 1.0, 1.0, 3087, 
ORF1a:P804S, 0.0277777777778, 0.0666666666667, 0.0043795620438, 0.516129032258, 0.0281690140845, 0,0.00420168067227, 0.00510204081633, 0.0232558139535, 0.256880733945, 0.0189655172414, 0.012987012987, 0,0.00859598853868, 0.0059880239521, 95, 
ORF1a:T3959I, 0,0,0.00583941605839, 0,0,0,0.117647058824, 0.0102040816327, 0,0,0.00172413793103, 0,0,0.00286532951289, 0.0059880239521, 37, 
ORF1b:A167T, 0,0.177777777778, 0.0233576642336, 0,0,0,0.00420168067227, 0,0,0,0.00689655172414, 0,0,0.0143266475645, 0,34, 
ORF8:F86-, 0,0.0222222222222, 0.0116788321168, 0.0161290322581, 0.0140845070423, 0,0.0126050420168, 0.19387755102, 0,0.0183486238532, 0.00689655172414, 0,0.010101010101, 0.00573065902579, 0,61, 
ORF1a:A566S, 0,0.111111111111, 0,0,0,0,0,0.00510204081633, 0,0,0,0,0,0,0,6, 
ORF3a:T64I, 0.194444444444, 0,0.0014598540146, 0,0.0140845070423, 0,0,0.00510204081633, 0,0,0.0431034482759, 0.012987012987, 0.030303030303, 0.0114613180516, 0,73, 
N:Q9L, 0.116666666667, 0.133333333333, 0.159124087591, 0.145161290323, 0.197183098592, 0.222222222222, 0.247899159664, 0.122448979592, 0.127906976744, 0.0733944954128, 0.172413793103, 0.17316017316, 0.0808080808081, 0.0859598853868, 0.125748502994, 462, 
ORF1b:P2162S, 0.00555555555556, 0,0.00729927007299, 0.0161290322581, 0.0140845070423, 0,0.0126050420168, 0.198979591837, 0,0.0183486238532, 0.0051724137931, 0,0.010101010101, 0.00573065902579, 0,58, 
S:L452R, 0.966666666667, 1.0, 1.0, 1.0, 1.0, 0.888888888889, 1.0, 0.994897959184, 0.988372093023, 0.990825688073, 0.993103448276, 0.991341991342, 0.979797979798, 0.997134670487, 1.0, 3088, 
ORF7b:T40I, 0.872222222222, 0.777777777778, 0.795620437956, 0.951612903226, 0.943661971831, 0.444444444444, 0.882352941176, 0.826530612245, 0.860465116279, 0.706422018349, 0.760344827586, 0.705627705628, 0.777777777778, 0.624641833811, 0.868263473054, 2434, 
N:S232G, 0.00555555555556, 0,0.0029197080292, 0,0.0140845070423, 0,0.100840336134, 0.030612244898, 0,0.0917431192661, 0.0155172413793, 0,0,0.00573065902579, 0.0059880239521, 56, 
S:T19R, 0.972222222222, 1.0, 0.998540145985, 1.0, 1.0, 0.888888888889, 1.0, 0.974489795918, 0.988372093023, 0.981651376147, 0.993103448276, 0.987012987013, 0.979797979798, 1.0, 0.982035928144, 3080, 
ORF1a:T3255I, 0.866666666667, 0.777777777778, 0.804379562044, 0.935483870968, 0.957746478873, 0.444444444444, 0.894957983193, 0.862244897959, 0.837209302326, 0.724770642202, 0.762068965517, 0.705627705628, 0.727272727273, 0.624641833811, 0.874251497006, 2446, 
ORF1a:L2218F, 0.0222222222222, 0.0666666666667, 0.0043795620438, 0.516129032258, 0.0422535211268, 0,0.00420168067227, 0.00510204081633, 0.0232558139535, 0.256880733945, 0.0189655172414, 0.012987012987, 0,0.00859598853868, 0.0059880239521, 95, 
ORF9b:R32L, 0,0.133333333333, 0.0014598540146, 0.0161290322581, 0,0,0.0126050420168, 0.00510204081633, 0,0.00917431192661, 0.0051724137931, 0.004329004329, 0,0.00573065902579, 0.0059880239521, 20, 
S:T478K, 0.966666666667, 1.0, 0.998540145985, 1.0, 1.0, 0.888888888889, 1.0, 0.979591836735, 0.988372093023, 0.990825688073, 0.993103448276, 0.991341991342, 0.979797979798, 0.997134670487, 1.0, 3084, 
S:D253A, 0.0222222222222, 0.222222222222, 0.121167883212, 0.0483870967742, 0.0140845070423, 0,0.046218487395, 0.0204081632653, 0.0697674418605, 0.128440366972, 0.127586206897, 0.164502164502, 0.111111111111, 0.234957020057, 0.0239520958084, 345, 
ORF1a:E1205D, 0.0277777777778, 0.222222222222, 0.0671532846715, 0.0483870967742, 0.0140845070423, 0,0.0336134453782, 0.00510204081633, 0.0581395348837, 0.0366972477064, 0.0931034482759, 0.125541125541, 0.111111111111, 0.229226361032, 0.0119760479042, 259, 
ORF1a:A3209V, 0.122222222222, 0.222222222222, 0.182481751825, 0.0483870967742, 0.0422535211268, 0.555555555556, 0.0966386554622, 0.0969387755102, 0.139534883721, 0.220183486239, 0.229310344828, 0.285714285714, 0.212121212121, 0.358166189112, 0.119760479042, 611, 
ORF1b:P314L, 0.805555555556, 1.0, 0.994160583942, 1.0, 0.985915492958, 1.0, 1.0, 0.984693877551, 1.0, 1.0, 0.953448275862, 0.987012987013, 0.969696969697, 0.988538681948, 1.0, 3027, 
ORF1b:P314F, 0.194444444444, 0,0.0014598540146, 0,0.0140845070423, 0,0,0.00510204081633, 0,0,0.0448275862069, 0.012987012987, 0.030303030303, 0.0114613180516, 0,74, 
ORF3a:G18V, 0.00555555555556, 0.111111111111, 0.0014598540146, 0,0.0140845070423, 0,0.0420168067227, 0.00510204081633, 0.0116279069767, 0,0.0051724137931, 0.004329004329, 0,0,0,24, 
ORF1b:G662S, 1.0, 1.0, 0.998540145985, 1.0, 1.0, 0.888888888889, 0.995798319328, 0.948979591837, 0.976744186047, 0.990825688073, 0.994827586207, 0.991341991342, 1.0, 1.0, 1.0, 3086, 
ORF1b:E2317D, 0,0.0444444444444, 0.0175182481752, 0.0322580645161, 0,0,0.00840336134454, 0,0.0116279069767, 0,0.00344827586207, 0,0,0.200573065903, 0.0119760479042, 93, 
ORF1b:A1918V, 0.877777777778, 0.777777777778, 0.798540145985, 0.951612903226, 0.957746478873, 0.444444444444, 0.894957983193, 0.852040816327, 0.837209302326, 0.733944954128, 0.765517241379, 0.705627705628, 0.777777777778, 0.624641833811, 0.874251497006, 2451, 
ORF7a:V82A, 1.0, 1.0, 0.988321167883, 1.0, 0.985915492958, 0.777777777778, 0.970588235294, 0.948979591837, 0.96511627907, 0.963302752294, 0.972413793103, 0.982683982684, 1.0, 0.991404011461, 1.0, 3049, 
S:D614G, 0.966666666667, 1.0, 1.0, 1.0, 1.0, 1.0, 1.0, 1.0, 1.0, 1.0, 0.998275862069, 1.0, 0.979797979798, 0.994269340974, 1.0, 3096, 
S:A222V, 0.105555555556, 0.222222222222, 0.186861313869, 0.0483870967742, 0.0422535211268, 0.444444444444, 0.100840336134, 0.0969387755102, 0.139534883721, 0.192660550459, 0.218965517241, 0.290043290043, 0.212121212121, 0.340974212034, 0.119760479042, 597, 
ORF1a:T2648I, 0.0277777777778, 0.222222222222, 0.121167883212, 0.0483870967742, 0.0281690140845, 0,0.046218487395, 0.0204081632653, 0.0813953488372, 0.128440366972, 0.131034482759, 0.164502164502, 0.111111111111, 0.260744985673, 0.0239520958084, 359, 
ORF1a:P1010L, 0.0277777777778, 0.222222222222, 0.119708029197, 0.0483870967742, 0.0140845070423, 0.111111111111, 0.046218487395, 0.0204081632653, 0.0697674418605, 0.128440366972, 0.131034482759, 0.164502164502, 0.111111111111, 0.255014326648, 0.0239520958084, 355, 
ORF1a:Y118H, 0,0.177777777778, 0.0233576642336, 0,0,0,0.00420168067227, 0,0,0,0.00689655172414, 0,0,0.0143266475645, 0,34, 
S:E156G, 0.572222222222, 0.933333333333, 0.741605839416, 1.0, 0.732394366197, 0.777777777778, 0.802521008403, 0.974489795918, 0.779069767442, 1.0, 0.841379310345, 0.961038961039, 0.969696969697, 0.727793696275, 0.958083832335, 2552, 
S:D950N, 0.722222222222, 1.0, 0.997080291971, 1.0, 1.0, 0.888888888889, 0.995798319328, 0.984693877551, 0.988372093023, 1.0, 0.987931034483, 0.978354978355, 0.969696969697, 0.991404011461, 1.0, 3031, 
S:P681R, 0.955555555556, 1.0, 0.998540145985, 1.0, 1.0, 0.888888888889, 1.0, 0.984693877551, 0.988372093023, 1.0, 0.989655172414, 0.978354978355, 0.979797979798, 0.997134670487, 1.0, 3079, 
ORF8:T87S, 0,0.0222222222222, 0.0116788321168, 0.0161290322581, 0.0140845070423, 0,0.0126050420168, 0.19387755102, 0,0.0183486238532, 0.00689655172414, 0,0.010101010101, 0.00573065902579, 0,61, 
S:P1162S, 0.0444444444444, 0,0.00875912408759, 0.0322580645161, 0,0.222222222222, 0.0210084033613, 0.0255102040816, 0.0232558139535, 0.045871559633, 0.0362068965517, 0.038961038961, 0.141414141414, 0.0286532951289, 0.0059880239521, 90, 
N:D63G, 1.0, 1.0, 0.998540145985, 1.0, 1.0, 0.888888888889, 1.0, 0.984693877551, 0.988372093023, 1.0, 0.989655172414, 0.991341991342, 1.0, 1.0, 1.0, 3093, 
ORF1a:A1306S, 0.872222222222, 0.777777777778, 0.789781021898, 0.935483870968, 0.957746478873, 0.444444444444, 0.878151260504, 0.852040816327, 0.837209302326, 0.761467889908, 0.762068965517, 0.705627705628, 0.727272727273, 0.624641833811, 0.874251497006, 2435, 
M:I82T, 1.0, 1.0, 0.998540145985, 1.0, 1.0, 1.0, 1.0, 0.984693877551, 0.988372093023, 0.990825688073, 0.994827586207, 0.991341991342, 1.0, 1.0, 1.0, 3096, 
ORF9b:T60A, 1.0, 1.0, 0.998540145985, 1.0, 1.0, 0.888888888889, 1.0, 0.984693877551, 0.988372093023, 1.0, 0.989655172414, 0.991341991342, 1.0, 1.0, 1.0, 3093, 
N:G215C, 0.877777777778, 0.777777777778, 0.78102189781, 0.951612903226, 0.943661971831, 0.444444444444, 0.890756302521, 0.841836734694, 0.837209302326, 0.743119266055, 0.762068965517, 0.705627705628, 0.777777777778, 0.618911174785, 0.820359281437, 2423, 
ORF1a:K261N, 0.333333333333, 0.0888888888889, 0.121167883212, 0.129032258065, 0.0985915492958, 0.111111111111, 0.0714285714286, 0.0867346938776, 0.127906976744, 0.0642201834862, 0.237931034483, 0.12987012987, 0.212121212121, 0.143266475645, 0.40119760479, 521, 
S:V213A, 0,0,0.00583941605839, 0.0161290322581, 0.0140845070423, 0,0.0126050420168, 0.198979591837, 0,0.0183486238532, 0.0051724137931, 0,0.010101010101, 0.00573065902579, 0,56, 
S:F157-, 0.572222222222, 0.933333333333, 0.741605839416, 1.0, 0.732394366197, 0.777777777778, 0.802521008403, 0.974489795918, 0.779069767442, 1.0, 0.841379310345, 0.961038961039, 0.969696969697, 0.727793696275, 0.958083832335, 2552, 
ORF8:F120-, 0.972222222222, 0.933333333333, 0.773722627737, 0.951612903226, 0.718309859155, 0.777777777778, 0.794117647059, 0.877551020408, 0.767441860465, 0.990825688073, 0.881034482759, 0.974025974026, 1.0, 0.779369627507, 0.958083832335, 2666, 
ORF1a:Q4151H, 0,0.111111111111, 0.0014598540146, 0,0,0,0,0.00510204081633, 0,0,0.00172413793103, 0,0,0.025787965616, 0.0059880239521, 18, 
ORF1a:V1056L, 0,0,0.0014598540146, 0,0,0,0,0.00510204081633, 0,0,0,0,0,0,0.269461077844, 47, 
S:R158-, 0.572222222222, 0.933333333333, 0.741605839416, 1.0, 0.732394366197, 0.777777777778, 0.802521008403, 0.974489795918, 0.779069767442, 1.0, 0.841379310345, 0.961038961039, 0.969696969697, 0.727793696275, 0.958083832335, 2552, 
ORF1a:P2046L, 0.872222222222, 0.777777777778, 0.804379562044, 0.91935483871, 0.957746478873, 0.444444444444, 0.894957983193, 0.852040816327, 0.837209302326, 0.715596330275, 0.762068965517, 0.705627705628, 0.717171717172, 0.621776504298, 0.868263473054, 2440, 
ORF1b:L829I, 0.122222222222, 0.133333333333, 0.175182481752, 0.145161290323, 0.197183098592, 0.222222222222, 0.256302521008, 0.122448979592, 0.127906976744, 0.0733944954128, 0.170689655172, 0.17316017316, 0.0808080808081, 0.103151862464, 0.131736526946, 482, 
ORF7a:C58F, 0,0.111111111111, 0.0014598540146, 0,0,0,0.0126050420168, 0.00510204081633, 0,0,0.00172413793103, 0,0,0.0286532951289, 0.0059880239521, 22, 
ORF1a:T3750I, 0.116666666667, 0.222222222222, 0.179562043796, 0.0483870967742, 0.0422535211268, 0.333333333333, 0.100840336134, 0.0969387755102, 0.139534883721, 0.183486238532, 0.222413793103, 0.285714285714, 0.212121212121, 0.320916905444, 0.119760479042, 586, 
M:S94T, 0.00555555555556, 0.0444444444444, 0.0160583941606, 0.0322580645161, 0,0,0.00840336134454, 0,0.0116279069767, 0.00917431192661, 0.00689655172414, 0.004329004329, 0,0.166189111748, 0.0119760479042, 85, 
ORF1a:P1640L, 0.122222222222, 0.222222222222, 0.173722627737, 0.0483870967742, 0.0281690140845, 0.333333333333, 0.100840336134, 0.132653061224, 0.127906976744, 0.192660550459, 0.222413793103, 0.285714285714, 0.212121212121, 0.289398280802, 0.11377245509, 577, 
ORF9b:S6C, 0.116666666667, 0.133333333333, 0.159124087591, 0.145161290323, 0.197183098592, 0.222222222222, 0.247899159664, 0.122448979592, 0.127906976744, 0.0733944954128, 0.170689655172, 0.17316017316, 0.0808080808081, 0.0859598853868, 0.125748502994, 461, 
ORF1b:S2645I, 0,0.111111111111, 0,0,0,0,0,0.00510204081633, 0,0,0,0,0,0,0,6, 
ORF1a:L3490R, 0,0,0.0014598540146, 0,0,0,0,0.00510204081633, 0,0,0,0,0,0,0.269461077844, 47, 
ORF1a:G519S, 0,0.0222222222222, 0.00729927007299, 0,0.0985915492958, 0,0.00420168067227, 0.00510204081633, 0.104651162791, 0,0.0137931034483, 0.025974025974, 0.010101010101, 0.00286532951289, 0.0059880239521, 41, 
ORF1a:V2930L, 0.861111111111, 0.733333333333, 0.611678832117, 0.935483870968, 0.929577464789, 0.444444444444, 0.806722689076, 0.841836734694, 0.744186046512, 0.697247706422, 0.755172413793, 0.69696969697, 0.727272727273, 0.444126074499, 0.868263473054, 2203, 
ORF1b:L1504F, 0.194444444444, 0,0.0014598540146, 0,0.0140845070423, 0,0,0.00510204081633, 0,0,0.0431034482759, 0.012987012987, 0.030303030303, 0.0114613180516, 0,73, 
ORF1b:T2517I, 0.144444444444, 0,0,0,0,0,0,0,0,0,0,0,0.020202020202, 0,0,28, 
ORF3a:S26L, 1.0, 1.0, 0.994160583942, 0.983870967742, 1.0, 0.888888888889, 1.0, 0.984693877551, 0.988372093023, 0.990825688073, 0.994827586207, 0.991341991342, 0.989898989899, 1.0, 0.982035928144, 3087, 
E:V58F, 0.0277777777778, 0.0888888888889, 0.0321167883212, 0.516129032258, 0.0281690140845, 0,0.0252100840336, 0.102040816327, 0.0232558139535, 0.247706422018, 0.0224137931034, 0.017316017316, 0.010101010101, 0.00859598853868, 0.0059880239521, 142, 
N:R203M, 1.0, 1.0, 0.997080291971, 1.0, 1.0, 0.888888888889, 1.0, 0.984693877551, 0.988372093023, 1.0, 0.994827586207, 0.982683982684, 1.0, 1.0, 1.0, 3093, 
N:D377Y, 1.0, 1.0, 0.998540145985, 1.0, 1.0, 0.888888888889, 1.0, 0.984693877551, 0.988372093023, 1.0, 0.994827586207, 0.991341991342, 1.0, 1.0, 1.0, 3096, 
S:I870V, 0.194444444444, 0,0.0014598540146, 0,0.0140845070423, 0,0,0.00510204081633, 0,0,0.0448275862069, 0.012987012987, 0.030303030303, 0.0114613180516, 0,74, 
ORF1b:D445A, 0.00555555555556, 0,0.00875912408759, 0.0161290322581, 0.0140845070423, 0,0.0126050420168, 0.19387755102, 0,0.0183486238532, 0.0051724137931, 0,0.010101010101, 0.00573065902579, 0,58, 
S:L5F, 0.122222222222, 0.0222222222222, 0.0160583941606, 0,0.0281690140845, 0,0.0210084033613, 0.0459183673469, 0.0581395348837, 0,0.0120689655172, 0.004329004329, 0.0707070707071, 0.0200573065903, 0.0179640718563, 80, 
ORF8:D119-, 0.972222222222, 0.933333333333, 0.773722627737, 0.951612903226, 0.718309859155, 0.777777777778, 0.794117647059, 0.877551020408, 0.767441860465, 0.990825688073, 0.881034482759, 0.974025974026, 1.0, 0.78223495702, 0.958083832335, 2667, 
ORF1a:P2287S, 0.866666666667, 0.777777777778, 0.786861313869, 0.935483870968, 0.957746478873, 0.444444444444, 0.894957983193, 0.852040816327, 0.837209302326, 0.743119266055, 0.762068965517, 0.705627705628, 0.727272727273, 0.618911174785, 0.874251497006, 2432, 
ORF7a:A79D, 0,0.111111111111, 0.0014598540146, 0,0,0,0.0126050420168, 0.00510204081633, 0,0,0.00172413793103, 0,0,0.0343839541547, 0.0059880239521, 24, 
other, 2.81666666667, 2.95555555556, 2.87883211679, 1.93548387097, 3.59154929577, 6.55555555556, 3.06302521008, 3.43367346939, 3.63953488372, 2.77064220183, 3.71379310345, 3.63203463203, 2.86868686869, 2.54727793696, 3.04790419162, 
