,Unknown_104,Jihocesky_112,Jihomoravsky_219,Karlovarsky_1,Kralovehradecky_31,Liberecky_12,Moravskoslezsky_144,Olomoucky_112,Pardubicky_49,Plzensky_63,Praha_329,Stredocesky_141,Ustecky_44,Vysocina_153,Zlinsky_64,pocet_0
ORF7a:T120I, 0.596153846154, 0.258928571429, 0.840182648402, 1.0, 0.935483870968, 0.583333333333, 0.777777777778, 0.669642857143, 0.918367346939, 0.936507936508, 0.927051671733, 0.886524822695, 0.977272727273, 0.967320261438, 0.734375, 1271, 
S:A262S, 0,0,0,0,0.161290322581, 0,0.00694444444444, 0,0.183673469388, 0,0,0.0212765957447, 0,0,0,18, 
ORF9b:R32H, 0.0673076923077, 0.0982142857143, 0.0456621004566, 0,0.0322580645161, 0,0.00694444444444, 0.00892857142857, 0.0408163265306, 0.68253968254, 0.0607902735562, 0.0425531914894, 0.136363636364, 0,0.03125, 110, 
ORF8:Q27*, 0.317307692308, 0.767857142857, 0.132420091324, 0,0.0322580645161, 0.416666666667, 0.194444444444, 0.303571428571, 0.0408163265306, 0.0634920634921, 0.0516717325228, 0.0780141843972, 0.0227272727273, 0.0196078431373, 0.28125, 272, 
S:G1167V, 0,0,0.00456621004566, 0,0.161290322581, 0,0.0347222222222, 0.0625, 0.183673469388, 0.015873015873, 0,0.0212765957447, 0,0.00653594771242, 0,32, 
ORF1a:G49C, 0,0.00892857142857, 0,0,0.161290322581, 0,0,0,0.183673469388, 0,0,0.0141843971631, 0,0,0,17, 
ORF1a:F3677-, 0.221153846154, 0.767857142857, 0.027397260274, 0,0,0.5, 0.208333333333, 0.303571428571, 0.0204081632653, 0.0634920634921, 0.0607902735562, 0.0992907801418, 0.0227272727273, 0.0196078431373, 0.109375, 235, 
S:N501Y, 0.355769230769, 0.767857142857, 0.173515981735, 0,0.0645161290323, 0.416666666667, 0.215277777778, 0.303571428571, 0.0612244897959, 0.0634920634921, 0.0729483282675, 0.0992907801418, 0.0227272727273, 0.0457516339869, 0.3125, 306, 
ORF1a:A2529V, 0.0673076923077, 0,0.0730593607306, 0,0,0,0.0833333333333, 0.169642857143, 0.0204081632653, 0,0.0273556231003, 0.0354609929078, 0.113636363636, 0.0522875816993, 0.109375, 89, 
ORF1b:L820F, 0,0,0.0228310502283, 0,0,0,0.00694444444444, 0.0178571428571, 0,0,0,0,0,0.209150326797, 0,40, 
S:T95I, 0.134615384615, 0.00892857142857, 0.223744292237, 1.0, 0.0645161290323, 0.0833333333333, 0.208333333333, 0.294642857143, 0.0408163265306, 0,0.063829787234, 0.0425531914894, 0.113636363636, 0.424836601307, 0.21875, 244, 
ORF8:E92K, 0.105769230769, 0.00892857142857, 0.041095890411, 0,0.290322580645, 0,0.0208333333333, 0,0.489795918367, 0.031746031746, 0.106382978723, 0.0709219858156, 0,0.0130718954248, 0,106, 
ORF14:G50W, 0.625, 0.232142857143, 0.849315068493, 1.0, 0.935483870968, 0.5, 0.770833333333, 0.669642857143, 0.959183673469, 0.936507936508, 0.917933130699, 0.886524822695, 0.977272727273, 0.967320261438, 0.734375, 1270, 
S:G142D, 0.509615384615, 0.232142857143, 0.744292237443, 1.0, 0.935483870968, 0.5, 0.743055555556, 0.660714285714, 0.938775510204, 0.920634920635, 0.899696048632, 0.872340425532, 0.931818181818, 0.830065359477, 0.609375, 1189, 
ORF1a:V3718A, 0.384615384615, 0.178571428571, 0.356164383562, 0,0.516129032258, 0.333333333333, 0.4375, 0.169642857143, 0.571428571429, 0.888888888889, 0.656534954407, 0.645390070922, 0.681818181818, 0.313725490196, 0.234375, 724, 
S:D979E, 0.346153846154, 0.160714285714, 0.264840182648, 0,0.451612903226, 0.333333333333, 0.347222222222, 0.116071428571, 0.34693877551, 0.873015873016, 0.601823708207, 0.595744680851, 0.613636363636, 0.196078431373, 0.203125, 617, 
ORF1b:P1000L, 0.625, 0.232142857143, 0.849315068493, 1.0, 0.935483870968, 0.583333333333, 0.784722222222, 0.607142857143, 0.959183673469, 0.936507936508, 0.920972644377, 0.886524822695, 0.977272727273, 0.97385620915, 0.71875, 1267, 
N:Q9L, 0.00961538461538, 0,0.0730593607306, 0,0.0967741935484, 0,0.0555555555556, 0.0625, 0,0,0.0455927051672, 0.0425531914894, 0.0681818181818, 0.0457516339869, 0.171875, 77, 
S:L452R, 0.634615384615, 0.232142857143, 0.86301369863, 1.0, 0.935483870968, 0.583333333333, 0.784722222222, 0.678571428571, 0.959183673469, 0.936507936508, 0.924012158055, 0.893617021277, 0.977272727273, 0.97385620915, 0.75, 1283, 
ORF3a:V112F, 0,0,0,0,0,0.333333333333, 0,0,0,0,0,0,0,0,0,4, 
S:T19R, 0.625, 0.232142857143, 0.840182648402, 1.0, 0.935483870968, 0.583333333333, 0.784722222222, 0.660714285714, 0.959183673469, 0.936507936508, 0.917933130699, 0.886524822695, 0.977272727273, 0.97385620915, 0.71875, 1270, 
ORF1a:T3255I, 0.240384615385, 0.0535714285714, 0.474885844749, 1.0, 0.41935483871, 0.166666666667, 0.340277777778, 0.410714285714, 0.387755102041, 0.047619047619, 0.261398176292, 0.241134751773, 0.295454545455, 0.614379084967, 0.484375, 526, 
ORF1a:K669N, 0,0,0,0,0.161290322581, 0,0.00694444444444, 0,0.183673469388, 0,0.00303951367781, 0.0212765957447, 0,0,0,19, 
S:T478K, 0.625, 0.232142857143, 0.86301369863, 1.0, 0.935483870968, 0.583333333333, 0.784722222222, 0.660714285714, 0.959183673469, 0.936507936508, 0.920972644377, 0.886524822695, 0.977272727273, 0.97385620915, 0.75, 1278, 
S:D253A, 0.336538461538, 0.160714285714, 0.269406392694, 0,0.451612903226, 0.333333333333, 0.347222222222, 0.116071428571, 0.34693877551, 0.873015873016, 0.604863221884, 0.595744680851, 0.613636363636, 0.183006535948, 0.1875, 615, 
S:C1254*, 0,0,0.0776255707763, 0,0,0,0.00694444444444, 0.00892857142857, 0,0,0,0,0,0,0.125, 27, 
S:S982A, 0.317307692308, 0.767857142857, 0.114155251142, 0,0.0322580645161, 0.333333333333, 0.208333333333, 0.303571428571, 0.0408163265306, 0.0634920634921, 0.0699088145897, 0.0851063829787, 0.0227272727273, 0.0130718954248, 0.25, 273, 
ORF1a:E1205D, 0.0769230769231, 0.0357142857143, 0.159817351598, 0,0.161290322581, 0.166666666667, 0.0347222222222, 0.0267857142857, 0,0.0634920634921, 0.19452887538, 0.191489361702, 0.181818181818, 0.124183006536, 0.046875, 187, 
ORF1a:A3209V, 0.384615384615, 0.169642857143, 0.351598173516, 0,0.516129032258, 0.5, 0.4375, 0.196428571429, 0.571428571429, 0.873015873016, 0.656534954407, 0.645390070922, 0.681818181818, 0.359477124183, 0.234375, 733, 
ORF1b:P314L, 0.990384615385, 1.0, 1.0, 1.0, 1.0, 1.0, 1.0, 1.0, 1.0, 1.0, 0.978723404255, 1.0, 1.0, 1.0, 1.0, 1570, 
ORF1b:S936L, 0,0,0.00913242009132, 0,0,0,0.0208333333333, 0.125, 0,0,0,0,0,0,0,19, 
ORF8:Y73C, 0.317307692308, 0.767857142857, 0.114155251142, 0,0.0322580645161, 0.333333333333, 0.180555555556, 0.303571428571, 0.0408163265306, 0.0634920634921, 0.048632218845, 0.0780141843972, 0.0227272727273, 0.00653594771242, 0.265625, 261, 
ORF9b:P3L, 0.00961538461538, 0,0.0319634703196, 0,0,0.0833333333333, 0.0208333333333, 0.133928571429, 0,0,0.00303951367781, 0.00709219858156, 0.0454545454545, 0.00653594771242, 0.046875, 35, 
S:D950N, 0.509615384615, 0.232142857143, 0.858447488584, 1.0, 0.935483870968, 0.583333333333, 0.784722222222, 0.669642857143, 0.959183673469, 0.936507936508, 0.920972644377, 0.879432624113, 0.931818181818, 0.97385620915, 0.734375, 1262, 
ORF1b:A1918V, 0.240384615385, 0.0535714285714, 0.465753424658, 1.0, 0.41935483871, 0.166666666667, 0.340277777778, 0.410714285714, 0.387755102041, 0.047619047619, 0.261398176292, 0.241134751773, 0.272727272727, 0.62091503268, 0.46875, 523, 
S:Y144-, 0.211538461538, 0.767857142857, 0.0639269406393, 0,0,0.416666666667, 0.208333333333, 0.3125, 0.0204081632653, 0.0634920634921, 0.063829787234, 0.0851063829787, 0.0227272727273, 0.0130718954248, 0.1875, 245, 
ORF1a:A1708D, 0.317307692308, 0.767857142857, 0.114155251142, 0,0.0322580645161, 0.333333333333, 0.208333333333, 0.303571428571, 0.0408163265306, 0.0634920634921, 0.0668693009119, 0.0851063829787, 0.0227272727273, 0.0130718954248, 0.234375, 271, 
ORF7a:V82A, 0.596153846154, 0.258928571429, 0.840182648402, 1.0, 0.935483870968, 0.583333333333, 0.777777777778, 0.669642857143, 0.918367346939, 0.936507936508, 0.924012158055, 0.886524822695, 0.977272727273, 0.967320261438, 0.734375, 1270, 
S:V70-, 0.221153846154, 0.767857142857, 0.0365296803653, 0,0,0.333333333333, 0.208333333333, 0.330357142857, 0.0204081632653, 0.0634920634921, 0.063829787234, 0.0921985815603, 0.0227272727273, 0.00653594771242, 0.140625, 238, 
ORF1b:I1257V, 0,0,0,0,0.161290322581, 0,0.0277777777778, 0,0.183673469388, 0.015873015873, 0,0.0212765957447, 0,0.00653594771242, 0,23, 
S:D614G, 1.0, 1.0, 0.995433789954, 1.0, 1.0, 1.0, 1.0, 1.0, 1.0, 1.0, 1.0, 1.0, 1.0, 0.993464052288, 1.0, 1576, 
ORF1b:A1392T, 0,0,0,0,0,0.333333333333, 0,0,0,0,0,0.0212765957447, 0,0,0,7, 
ORF1a:I2230T, 0.317307692308, 0.767857142857, 0.118721461187, 0,0.0322580645161, 0.333333333333, 0.208333333333, 0.303571428571, 0.0408163265306, 0.0634920634921, 0.063829787234, 0.0851063829787, 0.0227272727273, 0.00653594771242, 0.234375, 270, 
ORF1a:T1001I, 0.317307692308, 0.767857142857, 0.123287671233, 0,0.0322580645161, 0.333333333333, 0.215277777778, 0.303571428571, 0.0408163265306, 0.0634920634921, 0.063829787234, 0.0851063829787, 0.0227272727273, 0.0130718954248, 0.234375, 273, 
S:A222V, 0.346153846154, 0.160714285714, 0.360730593607, 0,0.516129032258, 0.416666666667, 0.423611111111, 0.1875, 0.510204081633, 0.873015873016, 0.641337386018, 0.624113475177, 0.659090909091, 0.346405228758, 0.234375, 712, 
ORF1a:T2648I, 0.346153846154, 0.160714285714, 0.269406392694, 0,0.451612903226, 0.333333333333, 0.347222222222, 0.116071428571, 0.34693877551, 0.857142857143, 0.607902735562, 0.595744680851, 0.613636363636, 0.196078431373, 0.203125, 619, 
ORF14:E51Q, 0.288461538462, 0.75, 0.0776255707763, 0,0.0322580645161, 0.416666666667, 0.180555555556, 0.294642857143, 0.0204081632653, 0.031746031746, 0.0668693009119, 0.0851063829787, 0.0227272727273, 0.0130718954248, 0.25, 252, 
N:G204P, 0.288461538462, 0.75, 0.0776255707763, 0,0.0322580645161, 0.416666666667, 0.180555555556, 0.294642857143, 0.0204081632653, 0.031746031746, 0.0668693009119, 0.0851063829787, 0.0227272727273, 0.0130718954248, 0.25, 252, 
ORF1a:P1010L, 0.346153846154, 0.160714285714, 0.269406392694, 0,0.451612903226, 0.416666666667, 0.347222222222, 0.116071428571, 0.34693877551, 0.873015873016, 0.607902735562, 0.595744680851, 0.613636363636, 0.202614379085, 0.1875, 621, 
S:D1118H, 0.317307692308, 0.767857142857, 0.118721461187, 0,0.0322580645161, 0.333333333333, 0.208333333333, 0.303571428571, 0.0408163265306, 0.0634920634921, 0.0699088145897, 0.0851063829787, 0.0227272727273, 0.00653594771242, 0.265625, 274, 
ORF1b:M454I, 0.00961538461538, 0,0.0319634703196, 0,0,0,0.0208333333333, 0.133928571429, 0,0,0.00303951367781, 0.00709219858156, 0.0454545454545, 0.00653594771242, 0.046875, 34, 
S:E156-, 0.278846153846, 0.223214285714, 0.00913242009132, 1.0, 0.354838709677, 0.333333333333, 0.541666666667, 0.625, 0.0204081632653, 0.904761904762, 0.790273556231, 0.815602836879, 0.977272727273, 0.0326797385621, 0.328125, 722, 
ORF1a:T3646A, 0.240384615385, 0.0535714285714, 0.447488584475, 1.0, 0.41935483871, 0.166666666667, 0.333333333333, 0.410714285714, 0.387755102041, 0.047619047619, 0.270516717325, 0.248226950355, 0.295454545455, 0.607843137255, 0.453125, 520, 
ORF1b:L860F, 0,0.151785714286, 0,0,0,0,0.0138888888889, 0,0,0,0.00303951367781, 0,0,0,0,20, 
S:H69-, 0.221153846154, 0.767857142857, 0.0365296803653, 0,0,0.333333333333, 0.208333333333, 0.330357142857, 0.0204081632653, 0.0634920634921, 0.063829787234, 0.0921985815603, 0.0227272727273, 0.00653594771242, 0.140625, 238, 
ORF1b:R188Q, 0,0,0.0684931506849, 0,0,0,0.0833333333333, 0.0357142857143, 0.102040816327, 0.015873015873, 0.0212765957447, 0.0141843971631, 0.0227272727273, 0.137254901961, 0.015625, 69, 
S:T716I, 0.317307692308, 0.758928571429, 0.114155251142, 0,0.0322580645161, 0.333333333333, 0.208333333333, 0.303571428571, 0.0408163265306, 0.047619047619, 0.0668693009119, 0.0851063829787, 0.0227272727273, 0.00653594771242, 0.25, 269, 
ORF1b:E1242D, 0.00961538461538, 0,0.0319634703196, 0,0,0.0833333333333, 0.0208333333333, 0.133928571429, 0,0,0.00303951367781, 0.00709219858156, 0.0454545454545, 0.00653594771242, 0.046875, 35, 
S:Q677H, 0.0192307692308, 0,0.00456621004566, 0,0.0322580645161, 0,0,0.0178571428571, 0,0,0.00303951367781, 0.00709219858156, 0,0.104575163399, 0,24, 
S:P681R, 0.625, 0.232142857143, 0.853881278539, 1.0, 0.935483870968, 0.583333333333, 0.784722222222, 0.669642857143, 0.959183673469, 0.936507936508, 0.917933130699, 0.879432624113, 0.977272727273, 0.97385620915, 0.75, 1275, 
S:P681H, 0.317307692308, 0.767857142857, 0.118721461187, 0,0.0322580645161, 0.416666666667, 0.208333333333, 0.303571428571, 0.0408163265306, 0.0634920634921, 0.0668693009119, 0.0851063829787, 0.0227272727273, 0.00653594771242, 0.25, 273, 
N:D63G, 0.625, 0.232142857143, 0.844748858447, 1.0, 0.935483870968, 0.583333333333, 0.784722222222, 0.669642857143, 0.959183673469, 0.936507936508, 0.917933130699, 0.886524822695, 0.977272727273, 0.960784313725, 0.734375, 1271, 
ORF1b:P218S, 0,0,0,0,0.161290322581, 0,0.00694444444444, 0,0.183673469388, 0,0,0.0212765957447, 0,0,0,18, 
E:V58F, 0.00961538461538, 0,0.0182648401826, 0,0,0.0833333333333, 0.0208333333333, 0.133928571429, 0,0,0.00303951367781, 0.00709219858156, 0.0454545454545, 0.00653594771242, 0.015625, 30, 
ORF1a:A1306S, 0.240384615385, 0.0535714285714, 0.456621004566, 1.0, 0.41935483871, 0.166666666667, 0.333333333333, 0.410714285714, 0.387755102041, 0.047619047619, 0.26443768997, 0.241134751773, 0.295454545455, 0.614379084967, 0.453125, 520, 
M:I82T, 0.634615384615, 0.232142857143, 0.858447488584, 1.0, 0.935483870968, 0.666666666667, 0.791666666667, 0.6875, 0.959183673469, 0.936507936508, 0.924012158055, 0.893617021277, 0.977272727273, 0.980392156863, 0.734375, 1285, 
ORF1b:T1404M, 0,0.151785714286, 0,0,0,0,0.0138888888889, 0,0,0,0,0,0,0.00653594771242, 0,20, 
ORF9b:T60A, 0.625, 0.232142857143, 0.844748858447, 1.0, 0.935483870968, 0.583333333333, 0.784722222222, 0.669642857143, 0.959183673469, 0.936507936508, 0.914893617021, 0.886524822695, 0.977272727273, 0.960784313725, 0.734375, 1270, 
N:S235F, 0.317307692308, 0.767857142857, 0.123287671233, 0,0.0322580645161, 0.416666666667, 0.208333333333, 0.303571428571, 0.0408163265306, 0.0634920634921, 0.0699088145897, 0.0851063829787, 0.0227272727273, 0.0130718954248, 0.28125, 278, 
N:G215C, 0.230769230769, 0.0535714285714, 0.424657534247, 1.0, 0.41935483871, 0.166666666667, 0.333333333333, 0.410714285714, 0.387755102041, 0.031746031746, 0.270516717325, 0.248226950355, 0.295454545455, 0.575163398693, 0.453125, 508, 
ORF1a:K261N, 0.0865384615385, 0.0267857142857, 0.0776255707763, 0,0.0322580645161, 0.0833333333333, 0.0138888888889, 0.0357142857143, 0.122448979592, 0.015873015873, 0.0881458966565, 0.0354609929078, 0.0909090909091, 0.0457516339869, 0.046875, 92, 
ORF7b:T40I, 0.221153846154, 0.0625, 0.438356164384, 1.0, 0.41935483871, 0.166666666667, 0.340277777778, 0.410714285714, 0.387755102041, 0.031746031746, 0.26443768997, 0.248226950355, 0.295454545455, 0.607843137255, 0.46875, 516, 
S:F157-, 0.278846153846, 0.223214285714, 0.00913242009132, 1.0, 0.354838709677, 0.333333333333, 0.541666666667, 0.625, 0.0204081632653, 0.904761904762, 0.790273556231, 0.815602836879, 0.977272727273, 0.0326797385621, 0.328125, 722, 
ORF1b:G662S, 0.625, 0.232142857143, 0.844748858447, 1.0, 0.935483870968, 0.583333333333, 0.777777777778, 0.607142857143, 0.959183673469, 0.936507936508, 0.920972644377, 0.886524822695, 0.977272727273, 0.980392156863, 0.734375, 1267, 
ORF1a:I4308T, 0.0288461538462, 0,0.0319634703196, 0,0,0,0.0208333333333, 0.0446428571429, 0,0,0.00911854103343, 0,0,0.21568627451, 0,54, 
N:D3L, 0.317307692308, 0.758928571429, 0.118721461187, 0,0.0322580645161, 0.333333333333, 0.208333333333, 0.303571428571, 0.0408163265306, 0.0634920634921, 0.0577507598784, 0.0851063829787, 0.0227272727273, 0.00653594771242, 0.265625, 269, 
S:R158G, 0.278846153846, 0.223214285714, 0.00913242009132, 1.0, 0.354838709677, 0.333333333333, 0.534722222222, 0.625, 0.0204081632653, 0.904761904762, 0.790273556231, 0.815602836879, 0.977272727273, 0.0326797385621, 0.328125, 721, 
ORF1b:L829I, 0.0192307692308, 0,0.0776255707763, 0,0.0967741935484, 0,0.0555555555556, 0.0625, 0,0,0.0395136778116, 0.0354609929078, 0.0681818181818, 0.0522875816993, 0.171875, 77, 
ORF1a:R287M, 0,0.151785714286, 0,0,0,0,0.0486111111111, 0,0,0.015873015873, 0.00303951367781, 0,0,0,0,26, 
ORF1a:T3750I, 0.355769230769, 0.160714285714, 0.351598173516, 0,0.516129032258, 0.333333333333, 0.423611111111, 0.178571428571, 0.530612244898, 0.873015873016, 0.644376899696, 0.631205673759, 0.659090909091, 0.326797385621, 0.234375, 709, 
ORF8:F120-, 0.403846153846, 0.223214285714, 0.196347031963, 1.0, 0.354838709677, 0.416666666667, 0.5625, 0.589285714286, 0.0408163265306, 0.904761904762, 0.793313069909, 0.815602836879, 0.977272727273, 0.366013071895, 0.46875, 838, 
ORF1a:P2046L, 0.240384615385, 0.0535714285714, 0.470319634703, 1.0, 0.41935483871, 0.166666666667, 0.340277777778, 0.401785714286, 0.387755102041, 0.047619047619, 0.26443768997, 0.241134751773, 0.295454545455, 0.614379084967, 0.484375, 525, 
S:A570D, 0.317307692308, 0.767857142857, 0.114155251142, 0,0.0322580645161, 0.333333333333, 0.208333333333, 0.303571428571, 0.0408163265306, 0.0634920634921, 0.0699088145897, 0.0851063829787, 0.0227272727273, 0.00653594771242, 0.25, 272, 
ORF1a:P1640L, 0.346153846154, 0.178571428571, 0.351598173516, 0,0.41935483871, 0.333333333333, 0.430555555556, 0.258928571429, 0.448979591837, 0.873015873016, 0.656534954407, 0.652482269504, 0.681818181818, 0.326797385621, 0.25, 722, 
ORF9b:S6C, 0.00961538461538, 0,0.0730593607306, 0,0.0967741935484, 0,0.0555555555556, 0.0625, 0,0,0.0455927051672, 0.0425531914894, 0.0681818181818, 0.0457516339869, 0.171875, 77, 
ORF1a:P2287S, 0.25, 0.0535714285714, 0.461187214612, 1.0, 0.41935483871, 0.166666666667, 0.340277777778, 0.428571428571, 0.387755102041, 0.031746031746, 0.267477203647, 0.248226950355, 0.295454545455, 0.614379084967, 0.484375, 528, 
ORF1a:C3059F, 0,0,0.00456621004566, 0,0.0322580645161, 0,0,0,0,0,0,0,0,0.111111111111, 0,19, 
ORF1b:A1643V, 0,0,0.00456621004566, 0,0.161290322581, 0,0.0486111111111, 0,0.183673469388, 0.015873015873, 0,0.0212765957447, 0,0.00653594771242, 0,27, 
ORF1a:G519S, 0.00961538461538, 0,0.00456621004566, 0,0.161290322581, 0,0.00694444444444, 0,0.204081632653, 0,0,0.0212765957447, 0,0,0,21, 
ORF1a:V2930L, 0.240384615385, 0.0446428571429, 0.374429223744, 1.0, 0.387096774194, 0.166666666667, 0.298611111111, 0.392857142857, 0.367346938776, 0.015873015873, 0.243161094225, 0.212765957447, 0.25, 0.483660130719, 0.421875, 455, 
ORF1a:G3676-, 0.221153846154, 0.767857142857, 0.027397260274, 0,0,0.5, 0.208333333333, 0.303571428571, 0.0204081632653, 0.0634920634921, 0.0607902735562, 0.0992907801418, 0.0227272727273, 0.0196078431373, 0.109375, 235, 
ORF3a:S26L, 0.625, 0.232142857143, 0.858447488584, 1.0, 0.935483870968, 0.583333333333, 0.784722222222, 0.669642857143, 0.959183673469, 0.936507936508, 0.911854103343, 0.886524822695, 0.977272727273, 0.980392156863, 0.734375, 1275, 
ORF8:K68*, 0.269230769231, 0.758928571429, 0.0776255707763, 0,0.0322580645161, 0.333333333333, 0.159722222222, 0.294642857143, 0.0408163265306, 0.031746031746, 0.048632218845, 0.0780141843972, 0.0227272727273, 0.00653594771242, 0.25, 240, 
N:R203K, 0.346153846154, 0.767857142857, 0.123287671233, 0,0.0322580645161, 0.5, 0.215277777778, 0.321428571429, 0.0408163265306, 0.0634920634921, 0.0790273556231, 0.106382978723, 0.0227272727273, 0.0130718954248, 0.265625, 290, 
N:R203M, 0.625, 0.232142857143, 0.849315068493, 1.0, 0.935483870968, 0.5, 0.770833333333, 0.669642857143, 0.959183673469, 0.936507936508, 0.917933130699, 0.886524822695, 0.977272727273, 0.967320261438, 0.734375, 1270, 
N:D377Y, 0.625, 0.232142857143, 0.849315068493, 1.0, 0.935483870968, 0.583333333333, 0.784722222222, 0.678571428571, 0.959183673469, 0.936507936508, 0.914893617021, 0.886524822695, 0.977272727273, 0.967320261438, 0.71875, 1272, 
ORF1b:M1596I, 0.00961538461538, 0,0.00456621004566, 0,0.0322580645161, 0,0,0,0,0,0,0,0,0.104575163399, 0,19, 
ORF14:G50N, 0.346153846154, 0.767857142857, 0.123287671233, 0,0.0322580645161, 0.5, 0.215277777778, 0.321428571429, 0.0408163265306, 0.0634920634921, 0.0790273556231, 0.106382978723, 0.0227272727273, 0.0130718954248, 0.265625, 290, 
ORF8:D119-, 0.403846153846, 0.223214285714, 0.196347031963, 1.0, 0.354838709677, 0.416666666667, 0.5625, 0.589285714286, 0.0408163265306, 0.904761904762, 0.793313069909, 0.815602836879, 0.977272727273, 0.366013071895, 0.46875, 838, 
ORF1b:K82R, 0,0,0,0,0.161290322581, 0,0.0277777777778, 0,0.183673469388, 0.015873015873, 0,0.0212765957447, 0,0.00653594771242, 0,23, 
ORF1a:S3675-, 0.221153846154, 0.767857142857, 0.027397260274, 0,0,0.5, 0.208333333333, 0.303571428571, 0.0204081632653, 0.0634920634921, 0.0607902735562, 0.0992907801418, 0.0227272727273, 0.0196078431373, 0.109375, 235, 
ORF8:R52I, 0.317307692308, 0.776785714286, 0.100456621005, 0,0.0322580645161, 0.333333333333, 0.180555555556, 0.303571428571, 0.0408163265306, 0.0634920634921, 0.0455927051672, 0.0780141843972, 0.0227272727273, 0.00653594771242, 0.234375, 256, 
ORF1b:T1540I, 0,0,0.0684931506849, 0,0,0,0.0763888888889, 0.0357142857143, 0.102040816327, 0.015873015873, 0.0212765957447, 0.0141843971631, 0.0227272727273, 0.143790849673, 0.015625, 69, 
S:S477I, 0,0,0,0,0.161290322581, 0,0.00694444444444, 0,0.183673469388, 0,0.00303951367781, 0.0212765957447, 0,0,0,19, 
other, 3.48076923077, 2.61607142857, 2.91780821918, 5.0, 2.25806451613, 2.66666666667, 2.53472222222, 3.38392857143, 2.04081632653, 0.634920634921, 2.06079027356, 2.3829787234, 1.65909090909, 1.39869281046, 3.34375, 
