,Neurceno_252,Jihocesky_103,Jihomoravsky_81,Kralovehradecky_11,Liberecky_36,Moravskoslezsky_163,Olomoucky_193,Pardubicky_28,Plzensky_61,Praha_95,Stredocesky_51,Ustecky_14,Vysocina_56,Zlinsky_30,pocet_0
ORF9b:Q77E, 0.015873015873, 0,0,0,0,0,0,0.142857142857, 0,0,0.0196078431373, 0,0,0,9, 
S:P26S, 0.015873015873, 0,0.0493827160494, 0,0.0277777777778, 0,0,0.142857142857, 0,0,0.0196078431373, 0,0,0.0666666666667, 16, 
ORF3a:S253P, 0.015873015873, 0,0,0,0,0,0,0.142857142857, 0,0,0.0196078431373, 0,0,0,9, 
ORF7a:T11I, 0,0,0,0,0,0.00613496932515, 0,0,0,0,0,0,0,0.166666666667, 6, 
ORF7a:T120I, 0.210317460317, 0.0679611650485, 0.345679012346, 0.818181818182, 0.666666666667, 0.0613496932515, 0.119170984456, 0.5, 0.0491803278689, 0.610526315789, 0.490196078431, 0.928571428571, 0.910714285714, 0.433333333333, 331, 
ORF9b:R32H, 0.015873015873, 0,0.0493827160494, 0.0909090909091, 0,0,0.00518134715026, 0.0357142857143, 0.0327868852459, 0.0210526315789, 0.0196078431373, 0.357142857143, 0,0.0333333333333, 22, 
ORF1a:M585V, 0,0,0,0,0,0.00613496932515, 0,0,0,0,0,0,0,0.166666666667, 6, 
ORF8:Q27*, 0.730158730159, 0.941747572816, 0.407407407407, 0.0909090909091, 0.138888888889, 0.865030674847, 0.829015544041, 0.107142857143, 0.852459016393, 0.210526315789, 0.372549019608, 0.0714285714286, 0.0178571428571, 0.6, 735, 
ORF1b:*2696L, 0,0,0,0,0,0.141104294479, 0,0,0,0,0,0,0,0,23, 
ORF1a:F3677-, 0.698412698413, 0.941747572816, 0.0864197530864, 0,0.138888888889, 0.349693251534, 0.860103626943, 0.25, 0.590163934426, 0.231578947368, 0.392156862745, 0.0714285714286, 0.0357142857143, 0.266666666667, 604, 
ORF1a:T3646A, 0.0238095238095, 0.00970873786408, 0.197530864198, 0.181818181818, 0,0.0184049079755, 0.0518134715026, 0.178571428571, 0,0.126315789474, 0.0980392156863, 0,0.571428571429, 0.2, 98, 
S:N501Y, 0.746031746032, 0.941747572816, 0.41975308642, 0.0909090909091, 0.138888888889, 0.907975460123, 0.854922279793, 0.25, 0.852459016393, 0.242105263158, 0.392156862745, 0.0714285714286, 0.0357142857143, 0.6, 761, 
ORF1a:A2529V, 0.00793650793651, 0,0,0,0,0,0.0155440414508, 0,0,0.0105263157895, 0,0,0.0178571428571, 0.1, 10, 
M:Q185H, 0,0,0.0123456790123, 0,0.0277777777778, 0,0,0.0357142857143, 0,0.0631578947368, 0.117647058824, 0.0714285714286, 0.0357142857143, 0,18, 
ORF1b:L820F, 0,0,0.0617283950617, 0,0,0.00613496932515, 0,0,0,0,0,0,0.482142857143, 0,33, 
ORF8:K68*, 0.654761904762, 0.922330097087, 0.296296296296, 0.0909090909091, 0.111111111111, 0.766871165644, 0.813471502591, 0.107142857143, 0.754098360656, 0.2, 0.352941176471, 0.0714285714286, 0,0.566666666667, 675, 
ORF1a:T3750I, 0.0436507936508, 0.0291262135922, 0.123456790123, 0.636363636364, 0.0555555555556, 0.0429447852761, 0.0621761658031, 0.464285714286, 0.0491803278689, 0.452631578947, 0.372549019608, 0.785714285714, 0.339285714286, 0.2, 166, 
ORF14:G50W, 0.22619047619, 0.0388349514563, 0.345679012346, 0.818181818182, 0.833333333333, 0.0674846625767, 0.119170984456, 0.714285714286, 0.0491803278689, 0.6, 0.490196078431, 0.928571428571, 0.946428571429, 0.433333333333, 346, 
S:G142D, 0.174603174603, 0.0388349514563, 0.320987654321, 0.727272727273, 0.833333333333, 0.0674846625767, 0.119170984456, 0.642857142857, 0.0491803278689, 0.6, 0.490196078431, 0.928571428571, 0.892857142857, 0.4, 324, 
ORF7a:I10T, 0,0.106796116505, 0,0,0,0,0,0,0,0,0,0,0,0,11, 
ORF1a:V3718A, 0.198412698413, 0.0291262135922, 0.135802469136, 0.636363636364, 0.861111111111, 0.0490797546012, 0.0673575129534, 0.535714285714, 0.0491803278689, 0.473684210526, 0.392156862745, 0.928571428571, 0.357142857143, 0.2, 245, 
S:S1249F, 0.00396825396825, 0,0.111111111111, 0,0,0.00613496932515, 0,0,0,0,0,0,0.0178571428571, 0.0333333333333, 13, 
ORF1a:A498V, 0,0,0.0123456790123, 0,0,0,0,0.107142857143, 0,0.0105263157895, 0,0,0.0535714285714, 0,8, 
ORF1b:P1000L, 0.222222222222, 0.0388349514563, 0.333333333333, 0.818181818182, 0.833333333333, 0.0736196319018, 0.119170984456, 0.714285714286, 0.0491803278689, 0.610526315789, 0.490196078431, 0.928571428571, 0.964285714286, 0.433333333333, 347, 
S:D979E, 0.0396825396825, 0.0194174757282, 0.111111111111, 0.545454545455, 0.0555555555556, 0.0429447852761, 0.0569948186528, 0.285714285714, 0.0491803278689, 0.431578947368, 0.352941176471, 0.785714285714, 0.178571428571, 0.233333333333, 145, 
N:G34W, 0.00793650793651, 0,0,0.0909090909091, 0,0,0,0.142857142857, 0,0.0105263157895, 0.0196078431373, 0,0,0,9, 
ORF1a:I453T, 0.138888888889, 0,0,0,0.805555555556, 0.00613496932515, 0,0.0714285714286, 0,0,0,0.0714285714286, 0.0178571428571, 0,69, 
S:L452R, 0.238095238095, 0.0388349514563, 0.37037037037, 0.818181818182, 0.888888888889, 0.0736196319018, 0.129533678756, 0.75, 0.0983606557377, 0.652631578947, 0.509803921569, 0.928571428571, 0.964285714286, 0.466666666667, 368, 
ORF3a:V112F, 0.0238095238095, 0,0,0,0.111111111111, 0,0,0,0,0,0,0,0,0,10, 
S:E484K, 0.0198412698413, 0,0.037037037037, 0,0,0.0429447852761, 0.0310880829016, 0.142857142857, 0,0.0105263157895, 0.0392156862745, 0,0,0,28, 
S:T19R, 0.222222222222, 0.0388349514563, 0.333333333333, 0.818181818182, 0.861111111111, 0.0674846625767, 0.113989637306, 0.714285714286, 0.0491803278689, 0.6, 0.490196078431, 0.928571428571, 0.946428571429, 0.433333333333, 344, 
ORF1a:T3255I, 0.0357142857143, 0.00970873786408, 0.222222222222, 0.181818181818, 0,0.0184049079755, 0.0518134715026, 0.178571428571, 0,0.126315789474, 0.0980392156863, 0,0.589285714286, 0.233333333333, 105, 
S:T478K, 0.222222222222, 0.0388349514563, 0.37037037037, 0.818181818182, 0.861111111111, 0.0674846625767, 0.124352331606, 0.714285714286, 0.0491803278689, 0.6, 0.490196078431, 0.928571428571, 0.964285714286, 0.466666666667, 351, 
ORF1b:P1675L, 0.0515873015873, 0,0,0,0.472222222222, 0.00613496932515, 0,0,0,0,0,0.0714285714286, 0.0178571428571, 0,33, 
S:D253A, 0.0396825396825, 0.0194174757282, 0.0987654320988, 0.545454545455, 0.0555555555556, 0.0429447852761, 0.0569948186528, 0.285714285714, 0.0491803278689, 0.431578947368, 0.352941176471, 0.785714285714, 0.178571428571, 0.2, 143, 
ORF7a:Y75H, 0.015873015873, 0,0.0246913580247, 0,0,0.0490797546012, 0.0155440414508, 0,0.0327868852459, 0.0315789473684, 0,0,0,0.166666666667, 27, 
ORF1a:V3976F, 0.00396825396825, 0,0,0.0909090909091, 0,0,0,0.142857142857, 0,0.0105263157895, 0.0196078431373, 0,0,0,8, 
ORF1a:A3209V, 0.198412698413, 0.0291262135922, 0.148148148148, 0.636363636364, 0.861111111111, 0.0490797546012, 0.0673575129534, 0.535714285714, 0.0491803278689, 0.473684210526, 0.392156862745, 0.928571428571, 0.375, 0.2, 247, 
ORF1b:P314L, 0.988095238095, 0.980582524272, 0.79012345679, 0.909090909091, 1.0, 0.993865030675, 0.989637305699, 1.0, 0.950819672131, 0.915789473684, 0.921568627451, 1.0, 0.982142857143, 1.0, 1132, 
ORF1b:G662S, 0.222222222222, 0.0388349514563, 0.333333333333, 0.818181818182, 0.833333333333, 0.0674846625767, 0.119170984456, 0.714285714286, 0.0491803278689, 0.6, 0.490196078431, 0.928571428571, 0.964285714286, 0.433333333333, 345, 
S:H69-, 0.710317460317, 0.941747572816, 0.111111111111, 0,0.138888888889, 0.638036809816, 0.870466321244, 0.142857142857, 0.852459016393, 0.284210526316, 0.392156862745, 0.0714285714286, 0,0.333333333333, 676, 
ORF8:Y73C, 0.730158730159, 0.941747572816, 0.395061728395, 0.0909090909091, 0.111111111111, 0.865030674847, 0.829015544041, 0.107142857143, 0.852459016393, 0.2, 0.372549019608, 0.0714285714286, 0,0.566666666667, 730, 
S:E1258-, 0,0,0.111111111111, 0,0,0.00613496932515, 0.00518134715026, 0,0,0,0,0,0,0.2, 17, 
ORF1b:R188Q, 0,0,0.0123456790123, 0,0,0,0.00518134715026, 0.0357142857143, 0,0,0,0,0.160714285714, 0,12, 
S:E1258D, 0,0,0.111111111111, 0,0,0.00613496932515, 0,0,0,0,0,0,0.0178571428571, 0.1, 14, 
ORF1b:P1570L, 0.138888888889, 0,0,0,0.777777777778, 0.00613496932515, 0.00518134715026, 0.0714285714286, 0,0,0,0.0714285714286, 0.0178571428571, 0,69, 
S:D950N, 0.174603174603, 0.0388349514563, 0.358024691358, 0.818181818182, 0.861111111111, 0.0674846625767, 0.119170984456, 0.714285714286, 0.0491803278689, 0.6, 0.490196078431, 0.928571428571, 0.964285714286, 0.433333333333, 336, 
S:T716I, 0.734126984127, 0.941747572816, 0.395061728395, 0.0909090909091, 0.111111111111, 0.871165644172, 0.860103626943, 0.107142857143, 0.83606557377, 0.231578947368, 0.372549019608, 0.0714285714286, 0,0.533333333333, 739, 
ORF1a:K2200N, 0.138888888889, 0,0,0,0.805555555556, 0.00613496932515, 0,0.0714285714286, 0,0,0,0.0714285714286, 0.0178571428571, 0,69, 
ORF1b:A1918V, 0.0238095238095, 0.00970873786408, 0.222222222222, 0.181818181818, 0,0.0184049079755, 0.0518134715026, 0.178571428571, 0,0.126315789474, 0.0980392156863, 0,0.589285714286, 0.233333333333, 102, 
ORF1a:F3677L, 0.00396825396825, 0,0.0493827160494, 0,0,0.398773006135, 0,0,0.262295081967, 0,0,0,0,0,86, 
S:Y144-, 0.68253968254, 0.941747572816, 0.222222222222, 0,0.138888888889, 0.650306748466, 0.860103626943, 0.107142857143, 0.819672131148, 0.242105263158, 0.372549019608, 0.0714285714286, 0.0357142857143, 0.466666666667, 676, 
ORF1a:A1708D, 0.730158730159, 0.941747572816, 0.395061728395, 0.0909090909091, 0.111111111111, 0.871165644172, 0.860103626943, 0.107142857143, 0.852459016393, 0.221052631579, 0.372549019608, 0.0714285714286, 0,0.5, 737, 
ORF3a:T223I, 0.00793650793651, 0,0.037037037037, 0,0,0,0,0.142857142857, 0,0.0421052631579, 0,0,0,0.0333333333333, 14, 
S:V1176F, 0.015873015873, 0,0,0,0,0,0,0.142857142857, 0,0,0.0196078431373, 0,0,0,9, 
ORF7a:V82A, 0.210317460317, 0.0679611650485, 0.358024691358, 0.818181818182, 0.722222222222, 0.0613496932515, 0.119170984456, 0.5, 0.0491803278689, 0.6, 0.490196078431, 0.928571428571, 0.910714285714, 0.433333333333, 333, 
S:D614G, 0.992063492063, 0.980582524272, 0.777777777778, 0.909090909091, 1.0, 0.993865030675, 0.989637305699, 1.0, 0.950819672131, 0.915789473684, 0.921568627451, 1.0, 0.982142857143, 1.0, 1132, 
ORF1b:A1392T, 0.0277777777778, 0,0,0,0.111111111111, 0,0,0,0,0,0.078431372549, 0,0,0,15, 
ORF1a:I2230T, 0.72619047619, 0.941747572816, 0.395061728395, 0.0909090909091, 0.111111111111, 0.865030674847, 0.860103626943, 0.107142857143, 0.852459016393, 0.221052631579, 0.372549019608, 0.0714285714286, 0,0.5, 735, 
ORF1a:S1188L, 0.015873015873, 0.00970873786408, 0,0,0,0.00613496932515, 0.0103626943005, 0.142857142857, 0,0,0.0196078431373, 0,0,0,13, 
S:A222V, 0.0436507936508, 0.0291262135922, 0.135802469136, 0.636363636364, 0.0555555555556, 0.0429447852761, 0.0621761658031, 0.428571428571, 0.0491803278689, 0.452631578947, 0.352941176471, 0.785714285714, 0.339285714286, 0.2, 165, 
ORF1a:T2648I, 0.0396825396825, 0.0194174757282, 0.0987654320988, 0.545454545455, 0.0555555555556, 0.0429447852761, 0.0569948186528, 0.285714285714, 0.0491803278689, 0.431578947368, 0.352941176471, 0.785714285714, 0.178571428571, 0.233333333333, 144, 
ORF7b:A43V, 0,0.106796116505, 0,0,0,0,0,0,0,0,0,0,0,0,11, 
ORF14:E51Q, 0.670634920635, 0.893203883495, 0.296296296296, 0.0909090909091, 0.138888888889, 0.766871165644, 0.849740932642, 0.107142857143, 0.754098360656, 0.231578947368, 0.352941176471, 0.0714285714286, 0.0178571428571, 0.5, 686, 
S:R158G, 0.162698412698, 0.0388349514563, 0.0123456790123, 0,0.833333333333, 0.0552147239264, 0.108808290155, 0.0357142857143, 0.0491803278689, 0.578947368421, 0.490196078431, 0.928571428571, 0.0535714285714, 0.0333333333333, 207, 
N:G204R, 0.0793650793651, 0.0485436893204, 0.135802469136, 0,0.0277777777778, 0.116564417178, 0.020725388601, 0.178571428571, 0.147540983607, 0.0842105263158, 0.078431372549, 0,0,0.0666666666667, 88, 
N:G204P, 0.674603174603, 0.893203883495, 0.296296296296, 0.0909090909091, 0.138888888889, 0.766871165644, 0.849740932642, 0.107142857143, 0.754098360656, 0.231578947368, 0.352941176471, 0.0714285714286, 0.0178571428571, 0.5, 687, 
ORF1a:P1010L, 0.0396825396825, 0.0194174757282, 0.123456790123, 0.545454545455, 0.0555555555556, 0.0429447852761, 0.0569948186528, 0.285714285714, 0.0491803278689, 0.431578947368, 0.352941176471, 0.785714285714, 0.178571428571, 0.2, 145, 
ORF8:E92K, 0.015873015873, 0,0,0,0,0,0,0.142857142857, 0,0.0105263157895, 0.0196078431373, 0,0,0,10, 
S:K417T, 0.015873015873, 0,0,0,0,0,0,0.142857142857, 0,0.0105263157895, 0.0196078431373, 0,0,0,10, 
ORF3a:V29F, 0.00396825396825, 0,0,0,0,0,0,0.142857142857, 0,0,0,0,0,0,5, 
S:D1118H, 0.734126984127, 0.941747572816, 0.395061728395, 0.0909090909091, 0.111111111111, 0.871165644172, 0.860103626943, 0.107142857143, 0.852459016393, 0.242105263158, 0.372549019608, 0.0714285714286, 0,0.566666666667, 742, 
S:E156-, 0.162698412698, 0.0388349514563, 0.0123456790123, 0,0.833333333333, 0.0613496932515, 0.108808290155, 0.0357142857143, 0.0491803278689, 0.589473684211, 0.490196078431, 0.928571428571, 0.0535714285714, 0.0333333333333, 209, 
N:Q28H, 0,0,0,0,0,0.00613496932515, 0,0.0357142857143, 0,0,0,0,0,0.2, 8, 
S:C1254*, 0,0,0.222222222222, 0,0,0.00613496932515, 0.00518134715026, 0,0,0,0,0,0,0.3, 29, 
ORF1a:A3571V, 0,0,0,0,0,0,0,0,0,0,0,0,0,0.1, 3, 
ORF1b:L860F, 0,0.184466019417, 0,0,0,0,0,0,0,0,0,0,0,0,19, 
S:V70-, 0.710317460317, 0.941747572816, 0.111111111111, 0,0.138888888889, 0.638036809816, 0.870466321244, 0.142857142857, 0.852459016393, 0.284210526316, 0.392156862745, 0.0714285714286, 0,0.333333333333, 676, 
ORF1b:Q1441H, 0.138888888889, 0,0,0,0.777777777778, 0.00613496932515, 0,0.0714285714286, 0,0,0,0.0714285714286, 0.0178571428571, 0,68, 
S:P681R, 0.222222222222, 0.0388349514563, 0.358024691358, 0.818181818182, 0.861111111111, 0.0674846625767, 0.119170984456, 0.714285714286, 0.0491803278689, 0.6, 0.490196078431, 0.928571428571, 0.964285714286, 0.466666666667, 349, 
S:P681H, 0.734126984127, 0.932038834951, 0.41975308642, 0.0909090909091, 0.111111111111, 0.871165644172, 0.860103626943, 0.107142857143, 0.852459016393, 0.231578947368, 0.372549019608, 0.0714285714286, 0,0.533333333333, 741, 
S:T1027I, 0.015873015873, 0,0,0,0,0.00613496932515, 0,0.142857142857, 0,0.0105263157895, 0.0196078431373, 0,0,0,11, 
N:D63G, 0.22619047619, 0.0388349514563, 0.333333333333, 0.818181818182, 0.861111111111, 0.0674846625767, 0.119170984456, 0.714285714286, 0.0491803278689, 0.6, 0.490196078431, 0.928571428571, 0.928571428571, 0.433333333333, 345, 
ORF1a:I4308T, 0,0,0.0740740740741, 0,0,0.0122699386503, 0,0,0,0,0,0,0.5, 0,36, 
ORF9b:R25I, 0,0,0,0,0,0.00613496932515, 0,0.0357142857143, 0,0,0,0,0,0.2, 8, 
ORF1a:A1306S, 0.0238095238095, 0.00970873786408, 0.20987654321, 0.181818181818, 0,0.0184049079755, 0.0518134715026, 0.178571428571, 0,0.126315789474, 0.0980392156863, 0,0.589285714286, 0.2, 100, 
ORF1a:K1795Q, 0.015873015873, 0,0,0,0,0,0,0.142857142857, 0,0.0105263157895, 0.0196078431373, 0,0,0,10, 
M:I82T, 0.238095238095, 0.0388349514563, 0.382716049383, 0.818181818182, 0.888888888889, 0.079754601227, 0.129533678756, 0.75, 0.0655737704918, 0.663157894737, 0.509803921569, 0.928571428571, 0.964285714286, 0.433333333333, 368, 
ORF1b:T1404M, 0,0.184466019417, 0,0,0,0.00613496932515, 0,0,0,0,0,0,0,0,20, 
ORF9b:T60A, 0.222222222222, 0.0388349514563, 0.333333333333, 0.818181818182, 0.861111111111, 0.0674846625767, 0.119170984456, 0.714285714286, 0.0491803278689, 0.6, 0.490196078431, 0.928571428571, 0.928571428571, 0.433333333333, 344, 
S:D138Y, 0.015873015873, 0.00970873786408, 0.0493827160494, 0,0.0277777777778, 0,0.00518134715026, 0.142857142857, 0,0,0.0196078431373, 0,0,0.1, 19, 
N:S235F, 0.730158730159, 0.95145631068, 0.407407407407, 0.0909090909091, 0.138888888889, 0.871165644172, 0.860103626943, 0.107142857143, 0.852459016393, 0.231578947368, 0.372549019608, 0.0714285714286, 0,0.6, 744, 
N:G215C, 0.0238095238095, 0.00970873786408, 0.197530864198, 0.181818181818, 0,0.0184049079755, 0.0518134715026, 0.178571428571, 0,0.136842105263, 0.117647058824, 0,0.535714285714, 0.2, 98, 
ORF1a:K261N, 0.015873015873, 0.00970873786408, 0.0740740740741, 0,0,0,0.0103626943005, 0.107142857143, 0,0.0631578947368, 0.0196078431373, 0,0.0535714285714, 0,26, 
ORF7b:T40I, 0.0198412698413, 0.00970873786408, 0.222222222222, 0.181818181818, 0,0.0184049079755, 0.0518134715026, 0.178571428571, 0,0.126315789474, 0.117647058824, 0,0.589285714286, 0.233333333333, 102, 
ORF7a:G38A, 0.00793650793651, 0,0,0,0,0,0,0,0.114754098361, 0,0,0,0,0,9, 
S:F157-, 0.162698412698, 0.0388349514563, 0.0123456790123, 0,0.833333333333, 0.0613496932515, 0.108808290155, 0.0357142857143, 0.0491803278689, 0.589473684211, 0.490196078431, 0.928571428571, 0.0535714285714, 0.0333333333333, 209, 
ORF1a:R3542C, 0.0793650793651, 0,0,0,0.305555555556, 0,0,0.0714285714286, 0,0,0,0,0,0,33, 
ORF1a:A541V, 0,0.00970873786408, 0.0246913580247, 0,0,0.0122699386503, 0.113989637306, 0,0,0,0,0,0,0,27, 
N:D3L, 0.730158730159, 0.941747572816, 0.407407407407, 0.0909090909091, 0.111111111111, 0.871165644172, 0.860103626943, 0.107142857143, 0.852459016393, 0.221052631579, 0.372549019608, 0.0714285714286, 0,0.566666666667, 740, 
S:K1255N, 0,0,0.246913580247, 0,0,0.00613496932515, 0,0,0,0,0,0,0.0178571428571, 0.233333333333, 29, 
ORF7a:G26S, 0.00793650793651, 0.116504854369, 0,0,0,0,0,0,0.0327868852459, 0,0.0196078431373, 0,0,0,17, 
ORF1a:P309S, 0,0,0,0,0,0,0.0103626943005, 0,0,0,0,0,0,0.1, 5, 
S:T95I, 0.0833333333333, 0,0.222222222222, 0.0909090909091, 0,0.0184049079755, 0.020725388601, 0.178571428571, 0,0.0315789473684, 0,0,0.589285714286, 0.3, 97, 
ORF1a:P309L, 0.138888888889, 0,0,0,0.777777777778, 0.0122699386503, 0.00518134715026, 0.0714285714286, 0,0.0210526315789, 0.0196078431373, 0.0714285714286, 0.0178571428571, 0,73, 
ORF8:F120-, 0.18253968254, 0.0388349514563, 0.0864197530864, 0,0.861111111111, 0.0613496932515, 0.119170984456, 0.0357142857143, 0.0491803278689, 0.589473684211, 0.490196078431, 0.928571428571, 0.535714285714, 0.2, 255, 
ORF1a:P2046L, 0.0238095238095, 0.00970873786408, 0.222222222222, 0.181818181818, 0,0.0184049079755, 0.0518134715026, 0.178571428571, 0,0.126315789474, 0.0980392156863, 0,0.589285714286, 0.233333333333, 102, 
S:A570D, 0.734126984127, 0.941747572816, 0.395061728395, 0.0909090909091, 0.111111111111, 0.865030674847, 0.860103626943, 0.107142857143, 0.852459016393, 0.242105263158, 0.372549019608, 0.0714285714286, 0,0.533333333333, 740, 
ORF1a:R287M, 0,0.252427184466, 0,0,0,0,0,0,0.016393442623, 0.0105263157895, 0,0,0,0,28, 
ORF1a:P1640L, 0.194444444444, 0.0291262135922, 0.0987654320988, 0.363636363636, 0.861111111111, 0.0490797546012, 0.0673575129534, 0.321428571429, 0.0491803278689, 0.473684210526, 0.392156862745, 0.928571428571, 0.357142857143, 0.2, 232, 
S:H655Y, 0.015873015873, 0,0,0,0,0.00613496932515, 0,0.142857142857, 0,0.0105263157895, 0.0196078431373, 0,0,0,11, 
S:R190S, 0.015873015873, 0,0,0,0,0,0,0.142857142857, 0,0.0105263157895, 0.0196078431373, 0,0,0,10, 
ORF7a:R89I, 0,0,0,0,0,0,0.0155440414508, 0.142857142857, 0,0,0,0,0.0178571428571, 0,8, 
ORF1a:V2930L, 0.0238095238095, 0.00970873786408, 0.185185185185, 0,0,0.0184049079755, 0.0518134715026, 0.178571428571, 0,0.0947368421053, 0.0980392156863, 0,0.464285714286, 0.166666666667, 85, 
ORF3a:I118M, 0.00396825396825, 0,0,0,0,0,0,0.142857142857, 0,0,0,0,0,0,5, 
ORF1a:T1001I, 0.730158730159, 0.941747572816, 0.395061728395, 0.0909090909091, 0.111111111111, 0.865030674847, 0.860103626943, 0.107142857143, 0.852459016393, 0.221052631579, 0.372549019608, 0.0714285714286, 0.0178571428571, 0.5, 737, 
ORF1a:G3676-, 0.698412698413, 0.941747572816, 0.0864197530864, 0,0.138888888889, 0.349693251534, 0.860103626943, 0.25, 0.590163934426, 0.231578947368, 0.392156862745, 0.0714285714286, 0.0357142857143, 0.266666666667, 604, 
ORF1a:S2972F, 0,0,0,0.0909090909091, 0,0,0,0.142857142857, 0,0,0,0,0,0,5, 
N:P80R, 0.015873015873, 0,0,0,0,0,0,0.142857142857, 0,0,0.0196078431373, 0,0,0,9, 
ORF3a:S26L, 0.222222222222, 0.0291262135922, 0.358024691358, 0.818181818182, 0.833333333333, 0.0674846625767, 0.119170984456, 0.714285714286, 0.0491803278689, 0.578947368421, 0.490196078431, 0.928571428571, 0.964285714286, 0.433333333333, 344, 
N:R203K, 0.753968253968, 0.941747572816, 0.432098765432, 0.0909090909091, 0.166666666667, 0.877300613497, 0.870466321244, 0.285714285714, 0.901639344262, 0.315789473684, 0.43137254902, 0.0714285714286, 0.0178571428571, 0.566666666667, 774, 
N:R203M, 0.22619047619, 0.0388349514563, 0.345679012346, 0.818181818182, 0.833333333333, 0.0674846625767, 0.119170984456, 0.714285714286, 0.0491803278689, 0.6, 0.490196078431, 0.928571428571, 0.946428571429, 0.433333333333, 346, 
N:D377Y, 0.22619047619, 0.0291262135922, 0.345679012346, 0.818181818182, 0.861111111111, 0.0736196319018, 0.129533678756, 0.714285714286, 0.0491803278689, 0.6, 0.490196078431, 0.928571428571, 0.946428571429, 0.4, 348, 
ORF10:Q29*, 0.00396825396825, 0,0,0,0,0,0,0.142857142857, 0,0,0,0,0,0,5, 
S:-1260H, 0,0,0.135802469136, 0,0,0.00613496932515, 0.00518134715026, 0,0,0,0,0,0,0.2, 19, 
ORF14:G50N, 0.75, 0.941747572816, 0.432098765432, 0.0909090909091, 0.166666666667, 0.877300613497, 0.870466321244, 0.285714285714, 0.901639344262, 0.315789473684, 0.43137254902, 0.0714285714286, 0.0178571428571, 0.566666666667, 773, 
ORF8:D119-, 0.18253968254, 0.0388349514563, 0.0864197530864, 0,0.861111111111, 0.0613496932515, 0.119170984456, 0.0357142857143, 0.0491803278689, 0.589473684211, 0.490196078431, 0.928571428571, 0.535714285714, 0.2, 255, 
ORF1a:S3675-, 0.698412698413, 0.941747572816, 0.0864197530864, 0,0.138888888889, 0.349693251534, 0.860103626943, 0.25, 0.590163934426, 0.231578947368, 0.392156862745, 0.0714285714286, 0.0357142857143, 0.266666666667, 604, 
S:L18F, 0.015873015873, 0.00970873786408, 0.0740740740741, 0,0.0277777777778, 0.0368098159509, 0,0.142857142857, 0,0,0.0196078431373, 0,0,0.0666666666667, 25, 
ORF8:R52I, 0.730158730159, 0.941747572816, 0.345679012346, 0.0909090909091, 0.111111111111, 0.865030674847, 0.829015544041, 0.107142857143, 0.852459016393, 0.210526315789, 0.372549019608, 0.0714285714286, 0,0.5, 725, 
ORF1b:N2695Q, 0,0,0,0,0,0.141104294479, 0,0,0,0,0,0,0,0,23, 
S:S982A, 0.734126984127, 0.95145631068, 0.395061728395, 0.0909090909091, 0.111111111111, 0.865030674847, 0.860103626943, 0.107142857143, 0.852459016393, 0.242105263158, 0.372549019608, 0.0714285714286, 0.0178571428571, 0.533333333333, 742, 
ORF1b:T1540I, 0,0,0.0246913580247, 0,0,0.0368098159509, 0.00518134715026, 0.0357142857143, 0,0,0,0,0.160714285714, 0,19, 
S:T20N, 0.015873015873, 0,0.0493827160494, 0,0.0277777777778, 0,0,0.142857142857, 0,0,0.0196078431373, 0,0,0.0333333333333, 15, 
ORF1a:P2287S, 0.0396825396825, 0.00970873786408, 0.20987654321, 0.181818181818, 0.0277777777778, 0.0245398773006, 0.0621761658031, 0.214285714286, 0.0491803278689, 0.178947368421, 0.117647058824, 0,0.589285714286, 0.233333333333, 119, 
ORF3a:V237F, 0.00396825396825, 0,0,0.0909090909091, 0,0,0,0.142857142857, 0,0.0105263157895, 0.0196078431373, 0,0,0,8, 
ORF14:V49L, 0.015873015873, 0,0,0,0,0,0,0.142857142857, 0,0,0.0196078431373, 0,0,0,9, 
ORF1b:E1264D, 0.015873015873, 0,0,0,0,0,0,0.142857142857, 0,0.0105263157895, 0.0196078431373, 0,0,0,10, 
other, 2.93253968254, 2.40776699029, 3.79012345679, 2.36363636364, 0.861111111111, 4.06748466258, 3.53886010363, 2.03571428571, 3.6393442623, 3.15789473684, 2.58823529412, 1.42857142857, 0.785714285714, 2.56666666667, 
