,Unknown_104,Jihocesky_49,Jihomoravsky_399,Karlovarsky_3,Kralovehradecky_75,Liberecky_11,Moravskoslezsky_142,Olomoucky_102,Pardubicky_97,Plzensky_68,Praha_488,Stredocesky_204,Ustecky_73,Vysocina_274,Zlinsky_70,pocet
ORF7a:T120I, 0.961538461538, 1.0, 0.979949874687, 1.0, 0.973333333333, 0.818181818182, 0.971830985915, 0.901960784314, 0.989690721649, 1.0, 0.981557377049, 0.980392156863, 1.0, 0.985401459854, 0.985714285714, 2110, 
S:A262S, 0,0.0204081632653, 0.00250626566416, 0,0.106666666667, 0,0.00704225352113, 0,0.154639175258, 0,0.00819672131148, 0.0245098039216, 0,0.0036496350365, 0,36, 
ORF9b:R32H, 0.0288461538462, 0.224489795918, 0.0225563909774, 0,0.0133333333333, 0,0.00704225352113, 0,0.0309278350515, 0.676470588235, 0.0348360655738, 0.0294117647059, 0.013698630137, 0.00729927007299, 0.0285714285714, 102, 
S:G1167V, 0,0.0204081632653, 0.0125313283208, 0,0.106666666667, 0,0.0704225352113, 0.0686274509804, 0.154639175258, 0.0294117647059, 0.0122950819672, 0.0294117647059, 0,0.0109489051095, 0.0142857142857, 64, 
ORF1a:G49C, 0,0,0,0,0.106666666667, 0,0,0,0.144329896907, 0,0.00409836065574, 0.0147058823529, 0,0.0036496350365, 0,28, 
ORF1a:T3646A, 0.567307692308, 0.469387755102, 0.624060150376, 0.333333333333, 0.733333333333, 0.363636363636, 0.661971830986, 0.666666666667, 0.639175257732, 0.102941176471, 0.508196721311, 0.450980392157, 0.547945205479, 0.591240875912, 0.714285714286, 1214, 
ORF1a:A2529V, 0.153846153846, 0.122448979592, 0.107769423559, 0,0.08, 0,0.133802816901, 0.28431372549, 0.123711340206, 0.0147058823529, 0.0635245901639, 0.0637254901961, 0.164383561644, 0.0583941605839, 0.185714285714, 217, 
ORF1b:L820F, 0,0,0.0250626566416, 0,0,0,0.00704225352113, 0.0294117647059, 0.0103092783505, 0,0,0,0,0.116788321168, 0.0142857142857, 48, 
ORF1a:T3750I, 0.384615384615, 0.489795918367, 0.330827067669, 0.666666666667, 0.24, 0.363636363636, 0.295774647887, 0.196078431373, 0.340206185567, 0.882352941176, 0.475409836066, 0.539215686275, 0.452054794521, 0.357664233577, 0.228571428571, 864, 
S:T95I, 0.269230769231, 0.142857142857, 0.315789473684, 0.666666666667, 0.346666666667, 0.181818181818, 0.401408450704, 0.460784313725, 0.185567010309, 0.0294117647059, 0.155737704918, 0.18137254902, 0.219178082192, 0.328467153285, 0.3, 555, 
ORF7a:P45L, 0.134615384615, 0.142857142857, 0.0827067669173, 0,0.0533333333333, 0.0909090909091, 0.0633802816901, 0.078431372549, 0.0927835051546, 0.0294117647059, 0.139344262295, 0.0539215686275, 0.219178082192, 0.043795620438, 0.1, 201, 
ORF14:G50W, 0.971153846154, 1.0, 0.984962406015, 1.0, 0.973333333333, 0.818181818182, 0.985915492958, 0.950980392157, 0.989690721649, 1.0, 0.985655737705, 0.975490196078, 1.0, 0.985401459854, 0.985714285714, 2121, 
S:G142D, 0.673076923077, 0.959183673469, 0.784461152882, 1.0, 0.866666666667, 0.818181818182, 0.93661971831, 0.93137254902, 0.938144329897, 0.970588235294, 0.944672131148, 0.955882352941, 0.945205479452, 0.770072992701, 0.842857142857, 1887, 
ORF1a:S1272R, 0,0,0.00250626566416, 0,0,0,0.154929577465, 0.0294117647059, 0,0,0.00204918032787, 0,0,0,0,27, 
ORF1a:V3718A, 0.403846153846, 0.530612244898, 0.335839598997, 0.666666666667, 0.24, 0.363636363636, 0.30985915493, 0.186274509804, 0.340206185567, 0.897058823529, 0.479508196721, 0.544117647059, 0.452054794521, 0.335766423358, 0.228571428571, 869, 
S:D979E, 0.307692307692, 0.489795918367, 0.240601503759, 0.333333333333, 0.2, 0.181818181818, 0.211267605634, 0.078431372549, 0.226804123711, 0.867647058824, 0.409836065574, 0.46568627451, 0.315068493151, 0.248175182482, 0.157142857143, 686, 
ORF1b:P1000L, 0.971153846154, 1.0, 0.982456140351, 1.0, 0.973333333333, 0.818181818182, 0.992957746479, 0.901960784314, 0.979381443299, 1.0, 0.985655737705, 0.985294117647, 1.0, 0.989051094891, 0.971428571429, 2117, 
ORF1b:A167T, 0,0.163265306122, 0.0300751879699, 0,0,0,0,0,0,0,0.00614754098361, 0,0,0.0182481751825, 0,28, 
S:L452R, 0.961538461538, 1.0, 0.994987468672, 1.0, 0.973333333333, 0.818181818182, 1.0, 0.960784313725, 0.989690721649, 1.0, 0.983606557377, 0.985294117647, 0.986301369863, 0.989051094891, 0.985714285714, 2128, 
ORF1a:V665I, 0,0,0.00751879699248, 0,0.0133333333333, 0,0.169014084507, 0.0392156862745, 0,0,0.00409836065574, 0.00490196078431, 0.027397260274, 0.0036496350365, 0,38, 
S:T19R, 0.961538461538, 1.0, 0.982456140351, 1.0, 0.973333333333, 0.818181818182, 1.0, 0.950980392157, 0.989690721649, 1.0, 0.981557377049, 0.985294117647, 0.986301369863, 0.989051094891, 0.971428571429, 2120, 
ORF1a:K669N, 0,0.0204081632653, 0.00250626566416, 0,0.106666666667, 0,0.00704225352113, 0,0.154639175258, 0,0.00409836065574, 0.0245098039216, 0,0.0036496350365, 0,34, 
S:T478K, 0.961538461538, 1.0, 0.992481203008, 1.0, 0.973333333333, 0.818181818182, 1.0, 0.93137254902, 0.989690721649, 1.0, 0.983606557377, 0.985294117647, 0.986301369863, 0.989051094891, 0.985714285714, 2124, 
S:D253A, 0.298076923077, 0.489795918367, 0.243107769424, 0.333333333333, 0.2, 0.181818181818, 0.211267605634, 0.078431372549, 0.226804123711, 0.867647058824, 0.411885245902, 0.46568627451, 0.315068493151, 0.233576642336, 0.157142857143, 683, 
ORF1a:E1205D, 0.144230769231, 0.183673469388, 0.127819548872, 0.333333333333, 0.0666666666667, 0.181818181818, 0.0633802816901, 0.0392156862745, 0.0515463917526, 0.0735294117647, 0.21106557377, 0.230392156863, 0.191780821918, 0.200729927007, 0.0714285714286, 330, 
ORF1a:A3209V, 0.403846153846, 0.510204081633, 0.333333333333, 0.666666666667, 0.24, 0.636363636364, 0.30985915493, 0.21568627451, 0.340206185567, 0.882352941176, 0.481557377049, 0.544117647059, 0.452054794521, 0.379562043796, 0.228571428571, 885, 
ORF1b:P314L, 0.980769230769, 1.0, 0.989974937343, 1.0, 1.0, 1.0, 1.0, 0.970588235294, 1.0, 1.0, 0.963114754098, 1.0, 1.0, 0.989051094891, 1.0, 2129, 
ORF1b:S936L, 0,0,0.00501253132832, 0,0,0,0.0352112676056, 0.186274509804, 0,0,0,0,0,0,0,26, 
ORF1b:G662S, 0.971153846154, 1.0, 0.984962406015, 1.0, 0.973333333333, 0.818181818182, 0.992957746479, 0.882352941176, 0.979381443299, 1.0, 0.985655737705, 0.985294117647, 1.0, 0.992700729927, 0.985714285714, 2118, 
ORF9b:P3L, 0.00961538461538, 0.0612244897959, 0.0175438596491, 0,0.0133333333333, 0.0909090909091, 0.0492957746479, 0.196078431373, 0,0,0.00614754098361, 0.00980392156863, 0.027397260274, 0.0036496350365, 0.0571428571429, 52, 
ORF1b:E2317D, 0,0,0.0375939849624, 0.333333333333, 0,0,0.0140845070423, 0,0.0103092783505, 0,0.00409836065574, 0,0,0.13503649635, 0.0285714285714, 60, 
S:D950N, 0.721153846154, 1.0, 0.987468671679, 1.0, 0.973333333333, 0.818181818182, 1.0, 0.950980392157, 0.989690721649, 1.0, 0.975409836066, 0.96568627451, 0.945205479452, 0.985401459854, 0.985714285714, 2087, 
ORF1b:A1918V, 0.567307692308, 0.469387755102, 0.634085213033, 0.333333333333, 0.733333333333, 0.363636363636, 0.683098591549, 0.666666666667, 0.639175257732, 0.102941176471, 0.508196721311, 0.441176470588, 0.534246575342, 0.602189781022, 0.728571428571, 1222, 
N:Q9L, 0.0865384615385, 0.0204081632653, 0.122807017544, 0,0.146666666667, 0.0909090909091, 0.0915492957746, 0.0882352941176, 0.0721649484536, 0,0.0881147540984, 0.0686274509804, 0.0547945205479, 0.0656934306569, 0.171428571429, 191, 
ORF7a:V82A, 0.961538461538, 1.0, 0.974937343358, 1.0, 0.96, 0.818181818182, 0.971830985915, 0.901960784314, 0.979381443299, 1.0, 0.981557377049, 0.980392156863, 1.0, 0.974452554745, 0.985714285714, 2103, 
ORF1b:I1257V, 0,0.0204081632653, 0.0100250626566, 0,0.106666666667, 0,0.0633802816901, 0,0.154639175258, 0.0294117647059, 0.00819672131148, 0.0294117647059, 0,0.0109489051095, 0.0142857142857, 53, 
S:D614G, 0.990384615385, 1.0, 1.0, 1.0, 1.0, 1.0, 1.0, 1.0, 1.0, 1.0, 0.997950819672, 1.0, 0.986301369863, 0.996350364964, 1.0, 2155, 
S:A222V, 0.384615384615, 0.489795918367, 0.338345864662, 0.333333333333, 0.24, 0.454545454545, 0.295774647887, 0.205882352941, 0.329896907216, 0.882352941176, 0.469262295082, 0.539215686275, 0.424657534247, 0.36496350365, 0.228571428571, 864, 
ORF1a:T2648I, 0.307692307692, 0.489795918367, 0.243107769424, 0.333333333333, 0.2, 0.181818181818, 0.211267605634, 0.078431372549, 0.237113402062, 0.852941176471, 0.415983606557, 0.46568627451, 0.315068493151, 0.262773722628, 0.157142857143, 694, 
ORF1a:P1010L, 0.307692307692, 0.489795918367, 0.243107769424, 0.333333333333, 0.2, 0.272727272727, 0.211267605634, 0.078431372549, 0.226804123711, 0.867647058824, 0.415983606557, 0.46568627451, 0.315068493151, 0.251824817518, 0.157142857143, 692, 
ORF1a:Y118H, 0,0.163265306122, 0.0300751879699, 0,0,0,0,0,0,0,0,0,0,0.0182481751825, 0,25, 
ORF1b:M454I, 0.00961538461538, 0.0612244897959, 0.0175438596491, 0,0.0133333333333, 0,0.0492957746479, 0.196078431373, 0,0,0.00614754098361, 0.00980392156863, 0.027397260274, 0.0036496350365, 0.0571428571429, 51, 
S:E156-, 0.567307692308, 0.918367346939, 0.355889724311, 0.666666666667, 0.506666666667, 0.636363636364, 0.612676056338, 0.911764705882, 0.443298969072, 0.941176470588, 0.84631147541, 0.892156862745, 0.945205479452, 0.343065693431, 0.657142857143, 1384, 
ORF1b:R188Q, 0.0673076923077, 0,0.0726817042607, 0.333333333333, 0.0266666666667, 0.181818181818, 0.0845070422535, 0.0686274509804, 0.0824742268041, 0.0294117647059, 0.0409836065574, 0.0490196078431, 0.0821917808219, 0.102189781022, 0.0285714285714, 136, 
ORF1b:E1242D, 0.00961538461538, 0.0612244897959, 0.0175438596491, 0,0.0133333333333, 0.0909090909091, 0.056338028169, 0.196078431373, 0,0,0.00614754098361, 0.00980392156863, 0.027397260274, 0.0036496350365, 0.0571428571429, 53, 
S:P681R, 0.942307692308, 1.0, 0.989974937343, 1.0, 0.973333333333, 0.818181818182, 1.0, 0.950980392157, 0.989690721649, 1.0, 0.977459016393, 0.970588235294, 0.986301369863, 0.989051094891, 0.985714285714, 2117, 
ORF1a:T3255I, 0.567307692308, 0.469387755102, 0.641604010025, 0.333333333333, 0.733333333333, 0.363636363636, 0.669014084507, 0.686274509804, 0.639175257732, 0.102941176471, 0.5, 0.441176470588, 0.547945205479, 0.598540145985, 0.742857142857, 1222, 
N:D63G, 0.971153846154, 1.0, 0.984962406015, 1.0, 0.973333333333, 0.818181818182, 1.0, 0.950980392157, 0.989690721649, 1.0, 0.983606557377, 0.985294117647, 1.0, 0.985401459854, 0.985714285714, 2124, 
ORF1a:I4308T, 0.0288461538462, 0,0.0275689223058, 0,0.0133333333333, 0,0.0140845070423, 0.0588235294118, 0.020618556701, 0,0.0102459016393, 0.0196078431373, 0.027397260274, 0.116788321168, 0.0142857142857, 69, 
ORF1b:P218S, 0,0.0204081632653, 0.00250626566416, 0,0.106666666667, 0,0.00704225352113, 0,0.154639175258, 0,0.00409836065574, 0.0245098039216, 0,0.0036496350365, 0,34, 
ORF1a:A1306S, 0.567307692308, 0.469387755102, 0.629072681704, 0.333333333333, 0.733333333333, 0.363636363636, 0.661971830986, 0.666666666667, 0.639175257732, 0.102941176471, 0.502049180328, 0.441176470588, 0.547945205479, 0.598540145985, 0.714285714286, 1213, 
M:I82T, 0.971153846154, 1.0, 0.987468671679, 1.0, 0.973333333333, 1.0, 1.0, 0.950980392157, 0.989690721649, 1.0, 0.987704918033, 0.985294117647, 1.0, 0.989051094891, 0.985714285714, 2130, 
ORF9b:T60A, 0.971153846154, 1.0, 0.984962406015, 1.0, 0.973333333333, 0.818181818182, 1.0, 0.950980392157, 0.989690721649, 1.0, 0.983606557377, 0.985294117647, 1.0, 0.985401459854, 0.985714285714, 2124, 
N:G215C, 0.567307692308, 0.469387755102, 0.604010025063, 0.333333333333, 0.733333333333, 0.363636363636, 0.676056338028, 0.656862745098, 0.639175257732, 0.0882352941176, 0.504098360656, 0.441176470588, 0.547945205479, 0.576642335766, 0.657142857143, 1194, 
ORF1a:K261N, 0.173076923077, 0.122448979592, 0.105263157895, 0,0.0533333333333, 0.0909090909091, 0.056338028169, 0.0882352941176, 0.154639175258, 0.0294117647059, 0.174180327869, 0.0588235294118, 0.205479452055, 0.0875912408759, 0.128571428571, 250, 
ORF7b:T40I, 0.548076923077, 0.489795918367, 0.606516290727, 0.333333333333, 0.733333333333, 0.363636363636, 0.654929577465, 0.617647058824, 0.628865979381, 0.0882352941176, 0.502049180328, 0.441176470588, 0.547945205479, 0.594890510949, 0.714285714286, 1194, 
S:F157-, 0.567307692308, 0.918367346939, 0.355889724311, 0.666666666667, 0.506666666667, 0.636363636364, 0.612676056338, 0.911764705882, 0.443298969072, 0.941176470588, 0.84631147541, 0.892156862745, 0.945205479452, 0.343065693431, 0.657142857143, 1384, 
ORF8:F120-, 0.865384615385, 0.918367346939, 0.461152882206, 1.0, 0.52, 0.636363636364, 0.612676056338, 0.813725490196, 0.443298969072, 0.955882352941, 0.915983606557, 0.936274509804, 1.0, 0.529197080292, 0.771428571429, 1556, 
S:R158G, 0.567307692308, 0.918367346939, 0.355889724311, 0.666666666667, 0.506666666667, 0.636363636364, 0.612676056338, 0.911764705882, 0.443298969072, 0.941176470588, 0.84631147541, 0.892156862745, 0.945205479452, 0.343065693431, 0.657142857143, 1384, 
ORF1b:L829I, 0.0961538461538, 0.0204081632653, 0.135338345865, 0,0.146666666667, 0.0909090909091, 0.0915492957746, 0.0882352941176, 0.0721649484536, 0,0.0840163934426, 0.0686274509804, 0.0547945205479, 0.0729927007299, 0.185714285714, 198, 
E:V58F, 0.0192307692308, 0.0204081632653, 0.015037593985, 0,0,0.0909090909091, 0.0352112676056, 0.196078431373, 0.0103092783505, 0.0147058823529, 0.0102459016393, 0.00980392156863, 0.027397260274, 0.0036496350365, 0.0142857142857, 48, 
M:S94T, 0.0384615384615, 0,0.0375939849624, 0.333333333333, 0,0.0909090909091, 0.0140845070423, 0,0.0103092783505, 0,0.030737704918, 0.0147058823529, 0.013698630137, 0.116788321168, 0.0285714285714, 77, 
ORF1a:P2046L, 0.567307692308, 0.469387755102, 0.636591478697, 0.333333333333, 0.733333333333, 0.363636363636, 0.669014084507, 0.656862745098, 0.639175257732, 0.102941176471, 0.502049180328, 0.441176470588, 0.547945205479, 0.594890510949, 0.742857142857, 1217, 
ORF1a:P1640L, 0.384615384615, 0.530612244898, 0.333333333333, 0.666666666667, 0.186666666667, 0.363636363636, 0.30985915493, 0.28431372549, 0.298969072165, 0.882352941176, 0.479508196721, 0.544117647059, 0.438356164384, 0.35401459854, 0.228571428571, 871, 
ORF9b:S6C, 0.0865384615385, 0.0204081632653, 0.122807017544, 0,0.146666666667, 0.0909090909091, 0.0915492957746, 0.0882352941176, 0.0721649484536, 0,0.0881147540984, 0.0686274509804, 0.0547945205479, 0.0656934306569, 0.171428571429, 191, 
ORF1b:A1643V, 0,0.0204081632653, 0.0125313283208, 0,0.106666666667, 0,0.0633802816901, 0,0.154639175258, 0.0294117647059, 0.00819672131148, 0.0294117647059, 0,0.0109489051095, 0.0142857142857, 54, 
ORF1a:G519S, 0,0.0204081632653, 0.00501253132832, 0,0.106666666667, 0,0.00704225352113, 0.00980392156863, 0.164948453608, 0,0.0122950819672, 0.0294117647059, 0,0.0036496350365, 0,42, 
ORF1a:V2930L, 0.548076923077, 0.428571428571, 0.561403508772, 0.333333333333, 0.706666666667, 0.363636363636, 0.577464788732, 0.637254901961, 0.618556701031, 0.0588235294118, 0.489754098361, 0.416666666667, 0.520547945205, 0.478102189781, 0.671428571429, 1111, 
ORF3a:S26L, 0.971153846154, 0.938775510204, 0.992481203008, 1.0, 0.973333333333, 0.818181818182, 1.0, 0.950980392157, 0.989690721649, 1.0, 0.985655737705, 0.985294117647, 1.0, 0.989051094891, 0.985714285714, 2126, 
N:R203M, 0.971153846154, 1.0, 0.984962406015, 1.0, 0.973333333333, 0.818181818182, 0.985915492958, 0.950980392157, 0.989690721649, 1.0, 0.985655737705, 0.975490196078, 1.0, 0.985401459854, 0.985714285714, 2121, 
N:D377Y, 0.971153846154, 1.0, 0.987468671679, 1.0, 0.973333333333, 0.818181818182, 1.0, 0.950980392157, 0.989690721649, 1.0, 0.985655737705, 0.985294117647, 1.0, 0.985401459854, 0.971428571429, 2125, 
ORF8:D119-, 0.865384615385, 0.918367346939, 0.461152882206, 1.0, 0.52, 0.636363636364, 0.612676056338, 0.813725490196, 0.443298969072, 0.955882352941, 0.915983606557, 0.936274509804, 1.0, 0.532846715328, 0.771428571429, 1557, 
ORF1b:K82R, 0,0.0204081632653, 0.0100250626566, 0,0.106666666667, 0,0.0633802816901, 0,0.154639175258, 0.0294117647059, 0.00819672131148, 0.0294117647059, 0,0.0109489051095, 0,52, 
S:T719I, 0,0,0.00751879699248, 0,0.0133333333333, 0,0.169014084507, 0.0392156862745, 0,0,0.00204918032787, 0.00490196078431, 0.013698630137, 0.0036496350365, 0,36, 
ORF1b:T1540I, 0.0673076923077, 0,0.0726817042607, 0.333333333333, 0.0266666666667, 0.181818181818, 0.0774647887324, 0.0686274509804, 0.0824742268041, 0.0294117647059, 0.0409836065574, 0.0490196078431, 0.0821917808219, 0.105839416058, 0.0285714285714, 136, 
ORF1a:P2287S, 0.567307692308, 0.469387755102, 0.631578947368, 0.333333333333, 0.733333333333, 0.363636363636, 0.669014084507, 0.666666666667, 0.639175257732, 0.0882352941176, 0.504098360656, 0.441176470588, 0.547945205479, 0.591240875912, 0.742857142857, 1215, 
S:S477I, 0,0.0204081632653, 0.00250626566416, 0,0.106666666667, 0,0.00704225352113, 0,0.154639175258, 0,0.00819672131148, 0.0245098039216, 0,0.0036496350365, 0,36, 
other, 2.97115384615, 2.48979591837, 2.38095238095, 2.33333333333, 3.02666666667, 6.36363636364, 1.95070422535, 3.61764705882, 2.49484536082, 0.75, 3.03483606557, 2.70588235294, 2.56164383562, 2.21897810219, 3.24285714286, 
