week-year	53-2020	01-2021	02-2021	03-2021	04-2021	05-202	06-2021	07-2021	08-2021	09-2021	10-2021	11-2021	12-2021	13-2021	14-2021	15-2021	16-2021	17-2021	18-2021	19-2021	20-2021	NA	
#genomes	10	191	36	60	70	213	352	248	257	213	224	339	179	233	350	261	324	264	121	110	17	115	
ORF1a:P2260S	0	0	0.111111111	0	0	0	0	0.004032258	0.015564202	0.004694836	0	0	0	0	0	0	0	0	0	0	0	0	
ORF7a:T120I	0	0.010471204	0	0	0	0	0	0	0	0	0	0	0	0	0	0	0	0.022727273	0.05785124	0	0	0	
ORF8:Q27*	0	0.366492147	0.472222222	0.666666667	0.442857143	0.873239437	0.869318182	0.677419355	0.758754864	0.765258216	0.875	0.89380531	0.687150838	0.91416309	0.974285714	0.762452107	0.885802469	0.924242424	0.859504132	0.981818182	1	0.626086957	 
ORF1a:F3677-	0	0.361256545	0.416666667	0.65	0.428571429	0.873239437	0.826704545	0.677419355	0.747081712	0.774647887	0.933035714	0.923303835	0.642458101	0.909871245	0.991428571	0.77394636	0.966049383	0.954545455	0.884297521	0.990909091	1	0.669565217	 
S:N501Y	0	0.366492147	0.472222222	0.666666667	0.428571429	0.873239437	0.869318182	0.693548387	0.750972763	0.779342723	0.90625	0.908554572	0.659217877	0.905579399	0.897142857	0.747126437	0.959876543	0.928030303	0.867768595	0.972727273	1	0.313043478	 
ORF1b:P1000L	0	0	0	0	0	0	0	0	0	0	0	0	0	0	0	0	0	0.018939394	0.074380165	0	0	0	
ORF1a:I2501T	0.7	0.356020942	0.361111111	0.216666667	0.371428571	0.107981221	0.068181818	0.205645161	0.190661479	0.164319249	0.044642857	0.041297935	0.217877095	0.042918455	0.002857143	0.099616858	0.012345679	0	0	0	0	0.113043478	 
ORF1a:T1542I	0	0	0.111111111	0	0	0	0	0	0.003891051	0	0	0	0	0.004291845	0	0	0	0	0	0	0	0	
S:T19R	0	0	0	0	0	0	0	0	0	0	0	0	0	0	0	0	0	0.018939394	0.074380165	0	0	0	
S:T478K	0	0	0	0	0	0	0	0	0	0	0	0	0	0	0	0	0.009259259	0.022727273	0.074380165	0	0	0	
S:E156-	0	0	0	0	0	0	0	0	0	0	0	0	0	0	0	0	0	0.018939394	0.074380165	0	0	0	
S:N439K	0.7	0.356020942	0.361111111	0.216666667	0.371428571	0.107981221	0.068181818	0.201612903	0.194552529	0.164319249	0.044642857	0.038348083	0.212290503	0.0472103	0.002857143	0.099616858	0.012345679	0	0	0	0	0.12173913	 
S:S982A	0	0.366492147	0.444444444	0.666666667	0.428571429	0.877934272	0.872159091	0.669354839	0.747081712	0.76056338	0.834821429	0.8820059	0.648044693	0.901287554	0.974285714	0.75862069	0.891975309	0.939393939	0.876033058	1	0.941176471	0.626086957	 
ORF1b:P314L	1	0.994764398	1	1	1	1	1	0.991935484	0.996108949	0.985915493	0.995535714	0.98820059	1	0.987124464	0.94	0.992337165	0.978395062	0.954545455	1	0.981818182	0.941176471	0.704347826	 
ORF1b:G662S	0	0	0	0	0	0	0	0	0	0	0	0	0	0	0	0	0.00308642	0.018939394	0.074380165	0	0	0	
ORF1b:V711I	0.7	0.35078534	0.361111111	0.2	0.371428571	0.107981221	0.065340909	0.193548387	0.186770428	0.159624413	0.040178571	0.038348083	0.212290503	0.042918455	0.002857143	0.099616858	0.012345679	0	0	0	0	0.104347826	 
ORF8:Y73C	0	0.371727749	0.472222222	0.666666667	0.442857143	0.873239437	0.866477273	0.673387097	0.754863813	0.76056338	0.875	0.887905605	0.653631285	0.909871245	0.974285714	0.75862069	0.882716049	0.928030303	0.859504132	0.981818182	1	0.626086957	 
S:D950N	0	0	0	0	0	0	0	0	0	0	0	0	0	0	0	0	0	0.018939394	0.074380165	0	0	0	
ORF1a:A1708D	0	0.361256545	0.444444444	0.666666667	0.428571429	0.873239437	0.872159091	0.669354839	0.747081712	0.755868545	0.866071429	0.896755162	0.642458101	0.905579399	0.977142857	0.75862069	0.891975309	0.943181818	0.884297521	0.990909091	1	0.669565217	 
ORF7a:V82A	0	0	0	0	0	0	0	0	0	0	0	0	0	0	0.002857143	0.003831418	0.00308642	0.003787879	0.049586777	0	0	0	
ORF1a:M4241I	0.7	0.356020942	0.361111111	0.216666667	0.371428571	0.107981221	0.065340909	0.193548387	0.186770428	0.164319249	0.040178571	0.038348083	0.212290503	0.038626609	0.002857143	0.099616858	0.012345679	0	0	0	0	0.113043478	 
S:D614G	1	0.994764398	1	1	1	1	0.988636364	0.991935484	1	1	0.959821429	0.982300885	1	0.991416309	0.994285714	0.992337165	0.99691358	0.988636364	0.991735537	1	1	0.947826087	 
S:A570D	0	0.361256545	0.444444444	0.666666667	0.428571429	0.877934272	0.872159091	0.669354839	0.750972763	0.76056338	0.834821429	0.8820059	0.648044693	0.901287554	0.831428571	0.75862069	0.895061728	0.939393939	0.876033058	1	0.941176471	0.495652174	 
ORF14:G50N	0.1	0.481675393	0.555555556	0.716666667	0.471428571	0.85915493	0.855113636	0.693548387	0.774319066	0.774647887	0.879464286	0.899705015	0.664804469	0.918454936	0.982857143	0.827586207	0.904320988	0.973484848	0.917355372	0.981818182	0.941176471	0.739130435	 
S:L452R	0	0.005235602	0	0	0	0	0	0.004032258	0.003891051	0	0	0	0	0	0.002857143	0.003831418	0.00617284	0.03030303	0.115702479	0	0	0	
ORF14:E51Q	0	0.356020942	0.472222222	0.65	0.428571429	0.812206573	0.821022727	0.612903226	0.727626459	0.713615023	0.84375	0.87020649	0.631284916	0.836909871	0.94	0.720306513	0.824074074	0.882575758	0.851239669	0.936363636	0.882352941	0.634782609	 
N:G204R	0.1	0.115183246	0.083333333	0.066666667	0.042857143	0.046948357	0.025568182	0.036290323	0.035019455	0.046948357	0.035714286	0.029498525	0.022346369	0.077253219	0.04	0.111111111	0.077160494	0.090909091	0.05785124	0.045454545	0.117647059	0.104347826	 
S:D1118H	0	0.366492147	0.444444444	0.666666667	0.428571429	0.877934272	0.872159091	0.673387097	0.750972763	0.76056338	0.834821429	0.8820059	0.653631285	0.901287554	0.974285714	0.762452107	0.895061728	0.939393939	0.876033058	1	1	0.634782609	 
S:T716I	0	0.361256545	0.444444444	0.666666667	0.428571429	0.877934272	0.869318182	0.669354839	0.747081712	0.76056338	0.834821429	0.8820059	0.648044693	0.901287554	0.974285714	0.75862069	0.891975309	0.939393939	0.876033058	1	1	0.626086957	 
S:P681R	0	0	0	0	0	0	0	0	0.003891051	0	0	0	0	0	0.002857143	0.003831418	0.00308642	0.018939394	0.082644628	0	0	0	
S:V70-	0.7	0.727748691	0.805555556	0.883333333	0.8	0.981220657	0.9375	0.862903226	0.941634241	0.924882629	0.875	0.914454277	0.877094972	0.948497854	0.977142857	0.865900383	0.901234568	0.943181818	0.884297521	1	1	0.765217391	 
ORF8:R52I	0	0.361256545	0.444444444	0.666666667	0.428571429	0.85915493	0.863636364	0.669354839	0.739299611	0.755868545	0.866071429	0.89380531	0.687150838	0.91416309	0.968571429	0.762452107	0.885802469	0.799242424	0.834710744	0.981818182	1	0.547826087	 
N:D63G	0	0	0	0	0	0	0	0	0	0	0	0	0	0	0	0	0	0.011363636	0.074380165	0	0	0	
ORF1a:T1001I	0	0.361256545	0.444444444	0.666666667	0.428571429	0.877934272	0.875	0.669354839	0.747081712	0.751173709	0.866071429	0.896755162	0.642458101	0.909871245	0.977142857	0.762452107	0.888888889	0.946969697	0.884297521	0.990909091	0.941176471	0.669565217	 
M:I82T	0	0.005235602	0	0	0	0	0	0	0	0	0	0	0	0	0.002857143	0.007662835	0	0.03030303	0.107438017	0	0	0	
N:S235F	0	0.356020942	0.472222222	0.65	0.414285714	0.737089202	0.647727273	0.556451613	0.73540856	0.746478873	0.870535714	0.887905605	0.642458101	0.875536481	0.974285714	0.762452107	0.882716049	0.946969697	0.876033058	1	1	0.660869565	 
ORF1a:E3764D	0.2	0.073298429	0.222222222	0.016666667	0.028571429	0.018779343	0.008522727	0.048387097	0.070038911	0.042253521	0.008928571	0.008849558	0.022346369	0	0	0.01532567	0	0	0	0	0	0.043478261	 
S:F157-	0	0	0	0	0	0	0	0	0	0	0	0	0	0	0	0	0	0.018939394	0.074380165	0	0	0	
ORF1a:A541V	0	0.010471204	0	0	0	0.014084507	0.002840909	0	0.003891051	0.009389671	0.013392857	0.002949853	0	0.004291845	0	0.011494253	0.00308642	0.018939394	0.008264463	0.181818182	0.058823529	0	
N:D3L	0	0.361256545	0.5	0.65	0.414285714	0.737089202	0.650568182	0.552419355	0.73540856	0.751173709	0.875	0.890855457	0.642458101	0.875536481	0.977142857	0.770114943	0.888888889	0.943181818	0.876033058	1	1	0.67826087	 
ORF1b:A1392T	0	0	0.027777778	0	0	0	0.002840909	0	0.003891051	0.004694836	0.102678571	0.038348083	0.005586592	0.0472103	0.02	0.022988506	0.00308642	0	0	0	0	0.043478261	 
ORF8:F120-	0	0	0	0	0	0	0	0	0	0	0	0	0	0	0	0	0	0.018939394	0.074380165	0	0	0	
ORF1b:H1213Y	0.7	0.356020942	0.361111111	0.2	0.371428571	0.107981221	0.068181818	0.205645161	0.190661479	0.159624413	0.044642857	0.041297935	0.212290503	0.042918455	0.002857143	0.099616858	0.012345679	0	0	0	0	0.104347826	 
ORF1a:I2230T	0	0.366492147	0.444444444	0.666666667	0.428571429	0.877934272	0.872159091	0.673387097	0.747081712	0.76056338	0.861607143	0.896755162	0.642458101	0.901287554	0.977142857	0.754789272	0.885802469	0.943181818	0.876033058	0.981818182	0.941176471	0.669565217	 
S:P681H	0	0.366492147	0.472222222	0.666666667	0.428571429	0.887323944	0.880681818	0.673387097	0.750972763	0.76056338	0.830357143	0.8820059	0.653631285	0.905579399	0.977142857	0.77394636	0.901234568	0.935606061	0.876033058	1	1	0.652173913	 
ORF1a:G3676-	0	0.361256545	0.416666667	0.65	0.428571429	0.873239437	0.826704545	0.677419355	0.747081712	0.774647887	0.933035714	0.923303835	0.642458101	0.909871245	0.991428571	0.77394636	0.969135802	0.954545455	0.884297521	0.990909091	1	0.669565217	 
S:H69-	0.7	0.727748691	0.805555556	0.883333333	0.8	0.981220657	0.9375	0.862903226	0.941634241	0.924882629	0.875	0.914454277	0.877094972	0.948497854	0.98	0.865900383	0.904320988	0.946969697	0.884297521	1	1	0.773913043	 
ORF3a:S26L	0	0	0	0	0	0.004694836	0	0.004032258	0	0	0	0	0	0	0.002857143	0.003831418	0.00308642	0.018939394	0.082644628	0	0	0	
ORF1b:T1064I	0	0	0.111111111	0	0.028571429	0	0	0.004032258	0.003891051	0	0	0	0.011173184	0	0	0	0	0	0	0	0	0	
ORF1b:A1521S	0.7	0.35078534	0.361111111	0.2	0.371428571	0.107981221	0.065340909	0.193548387	0.186770428	0.159624413	0.040178571	0.038348083	0.206703911	0.042918455	0.002857143	0.099616858	0.012345679	0	0	0	0	0.104347826	 
N:R203K	0.1	0.471204188	0.555555556	0.7	0.442857143	0.751173709	0.659090909	0.576612903	0.754863813	0.769953052	0.879464286	0.899705015	0.653631285	0.884120172	0.982857143	0.827586207	0.901234568	0.973484848	0.909090909	0.981818182	0.941176471	0.72173913	 
N:R203M	0	0	0	0	0	0	0	0	0	0	0	0	0	0	0.002857143	0.003831418	0.00308642	0.015151515	0.082644628	0	0	0	
N:D377Y	0	0	0	0	0	0	0	0	0	0.004694836	0	0.002949853	0	0	0.002857143	0.003831418	0.00308642	0.03030303	0.082644628	0	0	0	
ORF3a:A143S	0	0	0.111111111	0	0	0	0	0.004032258	0.011673152	0.004694836	0	0	0	0	0	0.003831418	0	0	0	0	0	0	
S:Y144-	0	0.356020942	0.444444444	0.683333333	0.428571429	0.877934272	0.875	0.677419355	0.754863813	0.76056338	0.834821429	0.8820059	0.653631285	0.901287554	0.98	0.754789272	0.891975309	0.939393939	0.876033058	1	1	0.643478261	 
ORF3a:S216P	0.3	0.02617801	0.027777778	0.016666667	0.028571429	0.028169014	0.005681818	0.012096774	0.011673152	0.028169014	0.008928571	0.002949853	0	0	0	0	0	0	0	0	0	0.017391304	 
N:G204P	0	0.35078534	0.472222222	0.633333333	0.4	0.704225352	0.633522727	0.528225806	0.708171206	0.708920188	0.84375	0.87020649	0.625698324	0.806866953	0.94	0.720306513	0.820987654	0.882575758	0.851239669	0.936363636	0.882352941	0.617391304	 
ORF8:D119-	0	0	0	0	0	0	0	0	0	0	0	0	0	0	0	0	0	0.018939394	0.074380165	0	0	0	
ORF8:K68*	0	0.356020942	0.472222222	0.633333333	0.442857143	0.85915493	0.840909091	0.633064516	0.73151751	0.633802817	0.852678571	0.81120944	0.659217877	0.854077253	0.942857143	0.708812261	0.839506173	0.859848485	0.834710744	0.945454545	0.882352941	0.6	 
ORF1a:S3675-	0	0.361256545	0.416666667	0.65	0.428571429	0.873239437	0.826704545	0.677419355	0.747081712	0.774647887	0.933035714	0.923303835	0.642458101	0.909871245	0.991428571	0.77394636	0.969135802	0.954545455	0.884297521	0.990909091	1	0.669565217	 
other	5	4.842931937	3.694444444	2.316666667	4.742857143	2.009389671	2.227272727	3.721774194	3.93385214	3.821596244	4.897321429	3.05899705	3.720670391	4.261802575	2.622857143	3.643678161	4.916666667	3.738636364	4.545454545	3.609090909	4.764705882	5	 