,29-2021_208,30-2021_211,31-2021_330,32-2021_313,33-2021_247,34-2021_248,35-2021_366,36-2021_339,37-2021_250,38-2021_69,39-2021_4,pocet
ORF7a:T120I, 0.966346153846, 0.990521327014, 0.984848484848, 0.97124600639, 0.975708502024, 0.987903225806, 0.997267759563, 0.991150442478, 0.992, 1.0, 1.0, 2547, 
ORF1b:G662S, 0.975961538462, 0.990521327014, 0.960606060606, 0.984025559105, 1.0, 0.995967741935, 0.997267759563, 1.0, 1.0, 1.0, 1.0, 2558, 
ORF1a:T3646A, 0.490384615385, 0.45971563981, 0.563636363636, 0.651757188498, 0.736842105263, 0.741935483871, 0.81693989071, 0.808259587021, 0.812, 0.652173913043, 0.5, 1778, 
ORF1a:A2529V, 0.0432692307692, 0.0521327014218, 0.130303030303, 0.127795527157, 0.113360323887, 0.0927419354839, 0.188524590164, 0.227138643068, 0.196, 0.101449275362, 0,356, 
S:T95I, 0.153846153846, 0.184834123223, 0.221212121212, 0.26517571885, 0.287449392713, 0.286290322581, 0.374316939891, 0.386430678466, 0.352, 0.260869565217, 0.5, 745, 
ORF7a:P45L, 0.0240384615385, 0.0521327014218, 0.109090909091, 0.140575079872, 0.165991902834, 0.100806451613, 0.109289617486, 0.12389380531, 0.112, 0.0724637681159, 0.25, 278, 
ORF14:G50W, 0.971153846154, 0.990521327014, 0.984848484848, 0.987220447284, 0.991902834008, 0.991935483871, 0.997267759563, 1.0, 1.0, 1.0, 1.0, 2563, 
S:G142D, 0.721153846154, 0.777251184834, 0.80303030303, 0.801916932907, 0.882591093117, 0.822580645161, 0.890710382514, 0.917404129794, 0.872, 0.811594202899, 1.0, 2167, 
ORF1a:V3718A, 0.475961538462, 0.502369668246, 0.372727272727, 0.316293929712, 0.251012145749, 0.25, 0.174863387978, 0.174041297935, 0.168, 0.159420289855, 0,727, 
S:D979E, 0.360576923077, 0.421800947867, 0.266666666667, 0.191693290735, 0.174089068826, 0.161290322581, 0.106557377049, 0.0914454277286, 0.092, 0.101449275362, 0,495, 
ORF1b:P1000L, 0.971153846154, 0.990521327014, 0.960606060606, 0.990415335463, 1.0, 0.995967741935, 0.994535519126, 0.997050147493, 1.0, 1.0, 1.0, 2557, 
ORF8:F120-, 0.697115384615, 0.710900473934, 0.660606060606, 0.58785942492, 0.704453441296, 0.645161290323, 0.931693989071, 0.973451327434, 0.996, 1.0, 1.0, 2024, 
N:Q9L, 0.105769230769, 0.0568720379147, 0.0636363636364, 0.0990415335463, 0.14979757085, 0.161290322581, 0.158469945355, 0.171091445428, 0.188, 0.0869565217391, 0,332, 
S:L452R, 0.975961538462, 0.995260663507, 0.981818181818, 0.990415335463, 0.995951417004, 1.0, 0.994535519126, 0.997050147493, 0.988, 1.0, 1.0, 2563, 
ORF7b:T40I, 0.471153846154, 0.454976303318, 0.557575757576, 0.645367412141, 0.704453441296, 0.733870967742, 0.81693989071, 0.808259587021, 0.824, 0.782608695652, 1.0, 1773, 
S:T19R, 0.971153846154, 0.990521327014, 0.984848484848, 0.984025559105, 0.995951417004, 0.995967741935, 0.994535519126, 0.997050147493, 0.988, 1.0, 1.0, 2559, 
ORF1a:T3255I, 0.495192307692, 0.473933649289, 0.557575757576, 0.658146964856, 0.740890688259, 0.75, 0.814207650273, 0.805309734513, 0.828, 0.782608695652, 1.0, 1798, 
S:T478K, 0.975961538462, 0.995260663507, 0.978787878788, 0.984025559105, 0.995951417004, 0.995967741935, 0.994535519126, 0.997050147493, 0.988, 1.0, 1.0, 2559, 
S:D253A, 0.355769230769, 0.421800947867, 0.269696969697, 0.191693290735, 0.174089068826, 0.161290322581, 0.103825136612, 0.0884955752212, 0.092, 0.0724637681159, 0,491, 
ORF1a:E1205D, 0.221153846154, 0.232227488152, 0.181818181818, 0.140575079872, 0.109311740891, 0.129032258065, 0.0546448087432, 0.0884955752212, 0.092, 0.0724637681159, 0,336, 
ORF1a:A3209V, 0.485576923077, 0.507109004739, 0.393939393939, 0.32268370607, 0.259109311741, 0.25, 0.180327868852, 0.182890855457, 0.168, 0.202898550725, 0,749, 
ORF1b:P314L, 1.0, 1.0, 0.972727272727, 0.961661341853, 0.983805668016, 0.995967741935, 0.969945355191, 0.961651917404, 0.92, 0.985507246377, 1.0, 2514, 
ORF1b:A1918V, 0.5, 0.45971563981, 0.557575757576, 0.658146964856, 0.740890688259, 0.745967741935, 0.81693989071, 0.808259587021, 0.824, 0.782608695652, 1.0, 1796, 
ORF7a:V82A, 0.966346153846, 0.985781990521, 0.984848484848, 0.968051118211, 0.967611336032, 0.983870967742, 0.994535519126, 0.973451327434, 0.992, 1.0, 1.0, 2535, 
S:D614G, 1.0, 1.0, 0.99696969697, 0.996805111821, 0.995951417004, 1.0, 0.997267759563, 0.997050147493, 0.984, 1.0, 1.0, 2576, 
S:A222V, 0.451923076923, 0.497630331754, 0.390909090909, 0.313099041534, 0.238866396761, 0.245967741935, 0.185792349727, 0.176991150442, 0.168, 0.188405797101, 0,729, 
ORF1a:T2648I, 0.355769230769, 0.417061611374, 0.275757575758, 0.191693290735, 0.178137651822, 0.177419354839, 0.109289617486, 0.0973451327434, 0.092, 0.0724637681159, 0,502, 
ORF1a:P1010L, 0.355769230769, 0.417061611374, 0.272727272727, 0.194888178914, 0.178137651822, 0.161290322581, 0.109289617486, 0.0914454277286, 0.092, 0.101449275362, 0,498, 
S:E156-, 0.519230769231, 0.578199052133, 0.584848484848, 0.543130990415, 0.7004048583, 0.620967741935, 0.907103825137, 0.952802359882, 0.908, 0.95652173913, 1.0, 1872, 
S:D950N, 0.956730769231, 0.943127962085, 0.975757575758, 0.958466453674, 0.971659919028, 0.983870967742, 0.964480874317, 0.976401179941, 0.932, 0.884057971014, 1.0, 2486, 
S:P681R, 0.975961538462, 0.981042654028, 0.975757575758, 0.980830670927, 0.987854251012, 0.991935483871, 0.994535519126, 0.997050147493, 0.988, 1.0, 1.0, 2551, 
N:D63G, 0.966346153846, 0.990521327014, 0.984848484848, 0.987220447284, 1.0, 0.995967741935, 0.997267759563, 1.0, 1.0, 1.0, 1.0, 2565, 
ORF1a:A1306S, 0.480769230769, 0.464454976303, 0.557575757576, 0.651757188498, 0.740890688259, 0.745967741935, 0.814207650273, 0.808259587021, 0.812, 0.739130434783, 1.0, 1784, 
M:I82T, 0.980769230769, 0.995260663507, 0.984848484848, 0.990415335463, 1.0, 0.995967741935, 0.997267759563, 1.0, 1.0, 1.0, 1.0, 2570, 
ORF9b:T60A, 0.971153846154, 0.990521327014, 0.984848484848, 0.987220447284, 1.0, 0.995967741935, 0.997267759563, 1.0, 1.0, 1.0, 1.0, 2566, 
N:G215C, 0.471153846154, 0.454976303318, 0.548484848485, 0.651757188498, 0.720647773279, 0.737903225806, 0.795081967213, 0.799410029499, 0.816, 0.739130434783, 1.0, 1761, 
ORF1a:K261N, 0.0721153846154, 0.104265402844, 0.133333333333, 0.166134185304, 0.210526315789, 0.133064516129, 0.166666666667, 0.153392330383, 0.168, 0.130434782609, 0,382, 
S:F157-, 0.519230769231, 0.578199052133, 0.584848484848, 0.543130990415, 0.7004048583, 0.620967741935, 0.907103825137, 0.952802359882, 0.908, 0.95652173913, 1.0, 1872, 
S:R158G, 0.519230769231, 0.578199052133, 0.584848484848, 0.543130990415, 0.7004048583, 0.620967741935, 0.907103825137, 0.952802359882, 0.908, 0.95652173913, 1.0, 1872, 
ORF1a:P2046L, 0.495192307692, 0.469194312796, 0.557575757576, 0.651757188498, 0.740890688259, 0.745967741935, 0.811475409836, 0.802359882006, 0.824, 0.782608695652, 1.0, 1791, 
ORF1b:L829I, 0.115384615385, 0.0521327014218, 0.0636363636364, 0.0990415335463, 0.157894736842, 0.161290322581, 0.161202185792, 0.17994100295, 0.188, 0.0869565217391, 0,339, 
ORF1a:T3750I, 0.461538461538, 0.492890995261, 0.387878787879, 0.316293929712, 0.242914979757, 0.25, 0.177595628415, 0.176991150442, 0.168, 0.144927536232, 0,726, 
ORF1a:P1640L, 0.456730769231, 0.507109004739, 0.409090909091, 0.300319488818, 0.246963562753, 0.245967741935, 0.177595628415, 0.171091445428, 0.172, 0.159420289855, 0,730, 
ORF9b:S6C, 0.110576923077, 0.0568720379147, 0.0636363636364, 0.0990415335463, 0.14979757085, 0.161290322581, 0.158469945355, 0.174041297935, 0.188, 0.0869565217391, 0,334, 
ORF1a:V2930L, 0.451923076923, 0.436018957346, 0.509090909091, 0.597444089457, 0.720647773279, 0.717741935484, 0.781420765027, 0.781710914454, 0.768, 0.260869565217, 0,1658, 
ORF3a:S26L, 0.975961538462, 0.981042654028, 0.984848484848, 0.987220447284, 1.0, 0.995967741935, 0.997267759563, 0.997050147493, 1.0, 0.985507246377, 1.0, 2563, 
N:R203M, 0.971153846154, 0.990521327014, 0.984848484848, 0.987220447284, 0.991902834008, 0.991935483871, 0.997267759563, 1.0, 1.0, 1.0, 1.0, 2563, 
N:D377Y, 0.971153846154, 0.990521327014, 0.984848484848, 0.987220447284, 1.0, 0.995967741935, 0.997267759563, 1.0, 1.0, 1.0, 1.0, 2566, 
ORF8:D119-, 0.697115384615, 0.710900473934, 0.660606060606, 0.58785942492, 0.704453441296, 0.645161290323, 0.931693989071, 0.976401179941, 0.996, 1.0, 1.0, 2025, 
ORF1a:P2287S, 0.495192307692, 0.464454976303, 0.557575757576, 0.651757188498, 0.744939271255, 0.737903225806, 0.811475409836, 0.808259587021, 0.82, 0.753623188406, 1.0, 1788, 
other, 3.45673076923, 3.1327014218, 3.9303030303, 4.04153354633, 3.51821862348, 3.39516129032, 4.00273224044, 3.57817109145, 3.836, 2.73913043478, 4.25, 