,27-2021_237,28-2021_263,29-2021_183,30-2021_193,31-2021_309,32-2021_280,33-2021_200,34-2021_150,35-2021_238,36-2021_91,37-2021_15,pocet
ORF7a:T120I, 0.966244725738, 0.977186311787, 0.96174863388, 0.984455958549, 0.983818770227, 0.967857142857, 0.97, 0.98, 0.995798319328, 0.989010989011, 1.0, 2110, 
ORF9b:R32H, 0.118143459916, 0.163498098859, 0.0273224043716, 0.0466321243523, 0.0194174757282, 0.0178571428571, 0.025, 0.00666666666667, 0,0,0,102, 
ORF1a:T3646A, 0.308016877637, 0.342205323194, 0.513661202186, 0.450777202073, 0.563106796117, 0.653571428571, 0.74, 0.726666666667, 0.773109243697, 0.648351648352, 0.866666666667, 1214, 
ORF1a:A2529V, 0.042194092827, 0.0456273764259, 0.0382513661202, 0.0569948186528, 0.132686084142, 0.142857142857, 0.115, 0.0933333333333, 0.18487394958, 0.120879120879, 0.266666666667, 217, 
ORF1a:T3750I, 0.64135021097, 0.604562737643, 0.431693989071, 0.502590673575, 0.385113268608, 0.307142857143, 0.245, 0.266666666667, 0.22268907563, 0.307692307692, 0.133333333333, 864, 
S:T95I, 0.143459915612, 0.201520912548, 0.191256830601, 0.20207253886, 0.236245954693, 0.282142857143, 0.3, 0.373333333333, 0.382352941176, 0.318681318681, 0.4, 555, 
ORF7a:P45L, 0.0590717299578, 0.0570342205323, 0.0273224043716, 0.0621761658031, 0.113268608414, 0.128571428571, 0.185, 0.0933333333333, 0.100840336134, 0.0769230769231, 0.133333333333, 201, 
ORF14:G50W, 0.957805907173, 0.977186311787, 0.967213114754, 0.989637305699, 0.983818770227, 0.985714285714, 0.99, 0.986666666667, 0.995798319328, 1.0, 1.0, 2121, 
S:G142D, 0.902953586498, 0.882129277567, 0.830601092896, 0.849740932642, 0.880258899676, 0.871428571429, 0.895, 0.786666666667, 0.903361344538, 0.901098901099, 1.0, 1887, 
ORF1a:V3718A, 0.658227848101, 0.619771863118, 0.448087431694, 0.512953367876, 0.368932038835, 0.307142857143, 0.245, 0.26, 0.218487394958, 0.296703296703, 0.133333333333, 869, 
S:D979E, 0.594936708861, 0.558935361217, 0.333333333333, 0.424870466321, 0.258899676375, 0.189285714286, 0.18, 0.186666666667, 0.151260504202, 0.21978021978, 0.133333333333, 686, 
ORF1b:P1000L, 0.962025316456, 0.980988593156, 0.967213114754, 0.989637305699, 0.957928802589, 0.989285714286, 1.0, 0.993333333333, 0.991596638655, 0.989010989011, 1.0, 2117, 
S:L452R, 0.966244725738, 0.980988593156, 0.972677595628, 0.99481865285, 0.980582524272, 0.989285714286, 0.995, 1.0, 0.991596638655, 1.0, 1.0, 2128, 
S:T19R, 0.957805907173, 0.973384030418, 0.967213114754, 0.989637305699, 0.983818770227, 0.982142857143, 0.995, 0.993333333333, 0.991596638655, 1.0, 1.0, 2120, 
S:T478K, 0.966244725738, 0.980988593156, 0.972677595628, 0.99481865285, 0.977346278317, 0.982142857143, 0.995, 0.993333333333, 0.991596638655, 1.0, 1.0, 2124, 
S:D253A, 0.599156118143, 0.555133079848, 0.327868852459, 0.419689119171, 0.26213592233, 0.189285714286, 0.18, 0.186666666667, 0.147058823529, 0.208791208791, 0.133333333333, 683, 
ORF1a:E1205D, 0.0970464135021, 0.171102661597, 0.213114754098, 0.253886010363, 0.174757281553, 0.139285714286, 0.11, 0.146666666667, 0.0714285714286, 0.197802197802, 0.133333333333, 330, 
ORF1a:A3209V, 0.649789029536, 0.615969581749, 0.459016393443, 0.518134715026, 0.391585760518, 0.314285714286, 0.255, 0.26, 0.226890756303, 0.32967032967, 0.133333333333, 885, 
ORF1b:P314L, 0.995780590717, 0.996197718631, 1.0, 1.0, 0.970873786408, 0.967857142857, 0.985, 0.993333333333, 1.0, 0.956043956044, 0.866666666667, 2129, 
ORF1b:G662S, 0.962025316456, 0.980988593156, 0.972677595628, 0.989637305699, 0.957928802589, 0.982142857143, 1.0, 0.993333333333, 0.995798319328, 1.0, 1.0, 2118, 
ORF1b:E2317D, 0,0,0.016393442623, 0.0103626943005, 0.00970873786408, 0.0178571428571, 0.03, 0.0666666666667, 0.0504201680672, 0.186813186813, 0.133333333333, 60, 
S:D950N, 0.966244725738, 0.984790874525, 0.956284153005, 0.932642487047, 0.974110032362, 0.953571428571, 0.965, 0.973333333333, 0.974789915966, 0.989010989011, 1.0, 2087, 
ORF1b:A1918V, 0.316455696203, 0.357414448669, 0.524590163934, 0.450777202073, 0.556634304207, 0.660714285714, 0.745, 0.733333333333, 0.768907563025, 0.637362637363, 0.866666666667, 1222, 
N:Q9L, 0.0632911392405, 0.0570342205323, 0.109289617486, 0.0414507772021, 0.0550161812298, 0.103571428571, 0.125, 0.12, 0.134453781513, 0.10989010989, 0.133333333333, 191, 
ORF7a:V82A, 0.966244725738, 0.980988593156, 0.96174863388, 0.979274611399, 0.983818770227, 0.960714285714, 0.96, 0.966666666667, 0.991596638655, 0.989010989011, 1.0, 2103, 
S:D614G, 1.0, 1.0, 1.0, 1.0, 0.996763754045, 0.996428571429, 0.995, 1.0, 0.995798319328, 1.0, 1.0, 2155, 
S:A222V, 0.632911392405, 0.615969581749, 0.420765027322, 0.502590673575, 0.388349514563, 0.307142857143, 0.24, 0.26, 0.231092436975, 0.307692307692, 0.133333333333, 864, 
ORF1a:T2648I, 0.603375527426, 0.551330798479, 0.327868852459, 0.424870466321, 0.268608414239, 0.189285714286, 0.185, 0.213333333333, 0.155462184874, 0.21978021978, 0.133333333333, 694, 
ORF1a:P1010L, 0.607594936709, 0.555133079848, 0.327868852459, 0.424870466321, 0.265372168285, 0.192857142857, 0.185, 0.186666666667, 0.155462184874, 0.21978021978, 0.133333333333, 692, 
S:E156-, 0.675105485232, 0.589353612167, 0.502732240437, 0.569948186528, 0.608414239482, 0.592857142857, 0.715, 0.373333333333, 0.873949579832, 1.0, 1.0, 1384, 
S:P681R, 0.966244725738, 0.984790874525, 0.972677595628, 0.979274611399, 0.974110032362, 0.978571428571, 0.985, 0.986666666667, 0.991596638655, 1.0, 1.0, 2117, 
ORF1a:T3255I, 0.31223628692, 0.349809885932, 0.51912568306, 0.466321243523, 0.556634304207, 0.660714285714, 0.745, 0.74, 0.768907563025, 0.637362637363, 0.866666666667, 1222, 
N:D63G, 0.962025316456, 0.977186311787, 0.96174863388, 0.989637305699, 0.983818770227, 0.985714285714, 1.0, 0.993333333333, 0.995798319328, 1.0, 1.0, 2124, 
ORF1a:A1306S, 0.308016877637, 0.349809885932, 0.502732240437, 0.455958549223, 0.556634304207, 0.653571428571, 0.745, 0.733333333333, 0.768907563025, 0.637362637363, 0.866666666667, 1213, 
M:I82T, 0.970464135021, 0.980988593156, 0.978142076503, 0.989637305699, 0.983818770227, 0.989285714286, 1.0, 0.986666666667, 0.995798319328, 1.0, 1.0, 2130, 
ORF9b:T60A, 0.962025316456, 0.977186311787, 0.96174863388, 0.989637305699, 0.983818770227, 0.985714285714, 1.0, 0.993333333333, 0.995798319328, 1.0, 1.0, 2124, 
N:G215C, 0.303797468354, 0.342205323194, 0.491803278689, 0.445595854922, 0.546925566343, 0.653571428571, 0.725, 0.72, 0.752100840336, 0.648351648352, 0.866666666667, 1194, 
ORF1a:K261N, 0.0675105485232, 0.0608365019011, 0.0710382513661, 0.0984455958549, 0.132686084142, 0.146428571429, 0.225, 0.12, 0.13025210084, 0.0879120879121, 0.133333333333, 250, 
ORF7b:T40I, 0.31223628692, 0.357414448669, 0.475409836066, 0.445595854922, 0.556634304207, 0.646428571429, 0.7, 0.713333333333, 0.764705882353, 0.637362637363, 0.866666666667, 1194, 
S:F157-, 0.675105485232, 0.589353612167, 0.502732240437, 0.569948186528, 0.608414239482, 0.592857142857, 0.715, 0.373333333333, 0.873949579832, 1.0, 1.0, 1384, 
ORF8:F120-, 0.759493670886, 0.707224334601, 0.704918032787, 0.709844559585, 0.68932038835, 0.642857142857, 0.72, 0.42, 0.920168067227, 0.989010989011, 1.0, 1556, 
S:R158G, 0.675105485232, 0.589353612167, 0.502732240437, 0.569948186528, 0.608414239482, 0.592857142857, 0.715, 0.373333333333, 0.873949579832, 1.0, 1.0, 1384, 
ORF1b:L829I, 0.0590717299578, 0.0570342205323, 0.125683060109, 0.0414507772021, 0.0550161812298, 0.103571428571, 0.135, 0.12, 0.138655462185, 0.131868131868, 0.133333333333, 198, 
M:S94T, 0,0.0228136882129, 0.0601092896175, 0.0414507772021, 0.0161812297735, 0.0178571428571, 0.03, 0.0533333333333, 0.0420168067227, 0.175824175824, 0.133333333333, 77, 
ORF1a:P2046L, 0.316455696203, 0.346007604563, 0.51912568306, 0.461139896373, 0.556634304207, 0.653571428571, 0.745, 0.733333333333, 0.768907563025, 0.637362637363, 0.8, 1217, 
ORF1a:P1640L, 0.645569620253, 0.608365019011, 0.437158469945, 0.523316062176, 0.407766990291, 0.289285714286, 0.25, 0.253333333333, 0.214285714286, 0.318681318681, 0.133333333333, 871, 
ORF9b:S6C, 0.0632911392405, 0.0570342205323, 0.109289617486, 0.0414507772021, 0.0550161812298, 0.103571428571, 0.125, 0.12, 0.134453781513, 0.10989010989, 0.133333333333, 191, 
ORF1a:V2930L, 0.261603375527, 0.311787072243, 0.475409836066, 0.424870466321, 0.504854368932, 0.589285714286, 0.725, 0.68, 0.72268907563, 0.527472527473, 0.666666666667, 1111, 
ORF3a:S26L, 0.966244725738, 0.984790874525, 0.972677595628, 0.979274611399, 0.983818770227, 0.985714285714, 1.0, 0.993333333333, 0.995798319328, 0.989010989011, 1.0, 2126, 
N:R203M, 0.957805907173, 0.977186311787, 0.967213114754, 0.989637305699, 0.983818770227, 0.985714285714, 0.99, 0.986666666667, 0.995798319328, 1.0, 1.0, 2121, 
N:D377Y, 0.962025316456, 0.977186311787, 0.967213114754, 0.989637305699, 0.983818770227, 0.985714285714, 1.0, 0.993333333333, 0.995798319328, 1.0, 1.0, 2125, 
ORF8:D119-, 0.759493670886, 0.707224334601, 0.704918032787, 0.709844559585, 0.68932038835, 0.642857142857, 0.72, 0.42, 0.920168067227, 1.0, 1.0, 1557, 
ORF1a:P2287S, 0.308016877637, 0.349809885932, 0.51912568306, 0.455958549223, 0.556634304207, 0.653571428571, 0.75, 0.726666666667, 0.764705882353, 0.637362637363, 0.866666666667, 1215, 
other, 2.05063291139, 1.91254752852, 3.37158469945, 3.04663212435, 3.96763754045, 3.94285714286, 3.475, 3.17333333333, 3.66386554622, 2.64835164835, 5.13333333333, 