,19-2021_298,20-2021_151,21-2021_81,22-2021_116,23-2021_110,24-2021_66,25-2021_80,26-2021_150,27-2021_70,28-2021_43,29-2021_9,pocet
ORF7a:T120I, 0.0302013422819, 0.0927152317881, 0.185185185185, 0.23275862069, 0.0272727272727, 0.166666666667, 0.525, 0.666666666667, 0.9, 0.906976744186, 0.888888888889, 331, 
ORF8:Q27*, 0.909395973154, 0.807947019868, 0.716049382716, 0.655172413793, 0.9, 0.575757575758, 0.35, 0.246666666667, 0.0571428571429, 0.046511627907, 0,735, 
ORF1a:F3677-, 0.614093959732, 0.748344370861, 0.728395061728, 0.637931034483, 0.772727272727, 0.5, 0.2625, 0.22, 0.0285714285714, 0.0232558139535, 0,604, 
ORF1a:T3646A, 0.00335570469799, 0,0.0123456790123, 0.00862068965517, 0.00909090909091, 0.0454545454545, 0.075, 0.16, 0.514285714286, 0.46511627907, 0.555555555556, 98, 
S:N501Y, 0.919463087248, 0.841059602649, 0.728395061728, 0.715517241379, 0.909090909091, 0.621212121212, 0.3875, 0.253333333333, 0.0571428571429, 0.093023255814, 0,761, 
ORF1b:L820F, 0,0,0,0,0,0,0,0.02, 0.2, 0.372093023256, 0,33, 
ORF8:K68*, 0.832214765101, 0.741721854305, 0.654320987654, 0.620689655172, 0.809090909091, 0.545454545455, 0.3125, 0.24, 0.0428571428571, 0.0232558139535, 0,675, 
ORF1a:T3750I, 0.00671140939597, 0,0,0,0.00909090909091, 0.121212121212, 0.4125, 0.493333333333, 0.385714285714, 0.395348837209, 0.444444444444, 166, 
ORF14:G50W, 0.0335570469799, 0.12582781457, 0.185185185185, 0.26724137931, 0.0272727272727, 0.19696969697, 0.525, 0.66, 0.942857142857, 0.906976744186, 1.0, 346, 
S:G142D, 0.0335570469799, 0.105960264901, 0.135802469136, 0.23275862069, 0.0272727272727, 0.19696969697, 0.525, 0.62, 0.885714285714, 0.883720930233, 1.0, 324, 
ORF1a:V3718A, 0.0302013422819, 0.12582781457, 0.172839506173, 0.25, 0.0181818181818, 0.151515151515, 0.4625, 0.5, 0.4, 0.418604651163, 0.444444444444, 245, 
ORF1b:P1000L, 0.0335570469799, 0.132450331126, 0.185185185185, 0.25, 0.0272727272727, 0.19696969697, 0.55, 0.66, 0.928571428571, 0.93023255814, 1.0, 347, 
S:D979E, 0,0,0,0,0,0.106060606061, 0.425, 0.466666666667, 0.285714285714, 0.279069767442, 0.222222222222, 145, 
ORF1a:I453T, 0.0134228187919, 0.12582781457, 0.148148148148, 0.25, 0.00909090909091, 0.030303030303, 0.0125, 0.00666666666667, 0,0,0,69, 
S:L452R, 0.0570469798658, 0.139072847682, 0.234567901235, 0.258620689655, 0.0272727272727, 0.212121212121, 0.5625, 0.686666666667, 0.942857142857, 0.953488372093, 1.0, 368, 
S:T19R, 0.0335570469799, 0.12582781457, 0.185185185185, 0.258620689655, 0.0272727272727, 0.19696969697, 0.5375, 0.653333333333, 0.928571428571, 0.906976744186, 1.0, 344, 
ORF1a:T3255I, 0.00671140939597, 0.00662251655629, 0.0246913580247, 0.00862068965517, 0.00909090909091, 0.0454545454545, 0.075, 0.16, 0.542857142857, 0.511627906977, 0.555555555556, 105, 
S:T478K, 0.0335570469799, 0.12582781457, 0.185185185185, 0.26724137931, 0.0272727272727, 0.19696969697, 0.5625, 0.66, 0.942857142857, 0.953488372093, 1.0, 351, 
ORF1b:P1675L, 0.00671140939597, 0.12582781457, 0.0864197530864, 0.0344827586207, 0.00909090909091, 0,0,0,0,0,0,33, 
S:D253A, 0,0,0,0,0,0.106060606061, 0.4125, 0.466666666667, 0.285714285714, 0.255813953488, 0.222222222222, 143, 
ORF1a:A3209V, 0.0302013422819, 0.12582781457, 0.185185185185, 0.25, 0.0181818181818, 0.151515151515, 0.4625, 0.506666666667, 0.4, 0.418604651163, 0.444444444444, 247, 
ORF1b:P314L, 0.98322147651, 0.993377483444, 0.975308641975, 0.974137931034, 0.945454545455, 0.863636363636, 0.925, 0.94, 0.985714285714, 1.0, 1.0, 1132, 
ORF1b:G662S, 0.0335570469799, 0.12582781457, 0.185185185185, 0.25, 0.0272727272727, 0.19696969697, 0.5375, 0.66, 0.928571428571, 0.93023255814, 1.0, 345, 
S:H69-, 0.795302013423, 0.82119205298, 0.740740740741, 0.646551724138, 0.772727272727, 0.515151515152, 0.25, 0.253333333333, 0.0428571428571, 0,0,676, 
ORF8:Y73C, 0.909395973154, 0.807947019868, 0.703703703704, 0.655172413793, 0.9, 0.575757575758, 0.325, 0.246666666667, 0.0428571428571, 0.0232558139535, 0,730, 
ORF1b:R188Q, 0,0,0,0,0,0,0,0.0133333333333, 0.0428571428571, 0.139534883721, 0.111111111111, 12, 
ORF1b:P1570L, 0.0134228187919, 0.12582781457, 0.148148148148, 0.241379310345, 0.00909090909091, 0.030303030303, 0.0125, 0.00666666666667, 0.0142857142857, 0,0,69, 
S:D950N, 0.0335570469799, 0.105960264901, 0.135802469136, 0.23275862069, 0.0272727272727, 0.19696969697, 0.5375, 0.646666666667, 0.942857142857, 0.953488372093, 1.0, 336, 
S:T716I, 0.91610738255, 0.814569536424, 0.703703703704, 0.698275862069, 0.881818181818, 0.575757575758, 0.3625, 0.246666666667, 0.0428571428571, 0.0232558139535, 0,739, 
ORF1a:K2200N, 0.0134228187919, 0.12582781457, 0.148148148148, 0.25, 0.00909090909091, 0.030303030303, 0.0125, 0.00666666666667, 0,0,0,69, 
ORF1b:A1918V, 0.00335570469799, 0,0.0123456790123, 0.00862068965517, 0.00909090909091, 0.0454545454545, 0.075, 0.16, 0.542857142857, 0.511627906977, 0.555555555556, 102, 
ORF1a:F3677L, 0.224832214765, 0.0927152317881, 0,0.00862068965517, 0.0181818181818, 0,0.025, 0,0,0,0,86, 
S:Y144-, 0.805369127517, 0.788079470199, 0.666666666667, 0.663793103448, 0.772727272727, 0.545454545455, 0.2625, 0.266666666667, 0.0428571428571, 0.0232558139535, 0,676, 
ORF1a:A1708D, 0.912751677852, 0.814569536424, 0.703703703704, 0.698275862069, 0.881818181818, 0.575757575758, 0.35, 0.246666666667, 0.0428571428571, 0.0232558139535, 0,737, 
ORF7a:V82A, 0.0302013422819, 0.105960264901, 0.185185185185, 0.23275862069, 0.0181818181818, 0.166666666667, 0.525, 0.666666666667, 0.9, 0.93023255814, 0.888888888889, 333, 
S:D614G, 0.986577181208, 0.993377483444, 0.975308641975, 0.974137931034, 0.936363636364, 0.863636363636, 0.925, 0.94, 0.985714285714, 1.0, 1.0, 1132, 
ORF1a:I2230T, 0.909395973154, 0.807947019868, 0.703703703704, 0.698275862069, 0.881818181818, 0.575757575758, 0.35, 0.246666666667, 0.0428571428571, 0.0232558139535, 0,735, 
S:A222V, 0.00671140939597, 0,0,0,0.00909090909091, 0.121212121212, 0.4125, 0.486666666667, 0.371428571429, 0.418604651163, 0.444444444444, 165, 
ORF1a:T2648I, 0,0,0,0,0,0.106060606061, 0.4125, 0.473333333333, 0.285714285714, 0.255813953488, 0.222222222222, 144, 
ORF14:E51Q, 0.832214765101, 0.735099337748, 0.679012345679, 0.681034482759, 0.809090909091, 0.545454545455, 0.3625, 0.24, 0.0142857142857, 0.046511627907, 0,686, 
S:R158G, 0.0302013422819, 0.12582781457, 0.172839506173, 0.241379310345, 0.0181818181818, 0.136363636364, 0.425, 0.48, 0.271428571429, 0.0232558139535, 0,207, 
N:G204R, 0.10067114094, 0.105960264901, 0.111111111111, 0.0258620689655, 0.1, 0.121212121212, 0.0375, 0.04, 0.0285714285714, 0,0,88, 
N:G204P, 0.832214765101, 0.741721854305, 0.679012345679, 0.681034482759, 0.809090909091, 0.545454545455, 0.3625, 0.24, 0.0142857142857, 0.046511627907, 0,687, 
ORF1a:P1010L, 0,0,0,0,0,0.106060606061, 0.425, 0.466666666667, 0.285714285714, 0.279069767442, 0.222222222222, 145, 
S:D1118H, 0.91610738255, 0.814569536424, 0.703703703704, 0.698275862069, 0.890909090909, 0.590909090909, 0.375, 0.246666666667, 0.0428571428571, 0.0232558139535, 0,742, 
S:E156-, 0.0302013422819, 0.132450331126, 0.172839506173, 0.241379310345, 0.0181818181818, 0.136363636364, 0.4375, 0.48, 0.271428571429, 0.0232558139535, 0,209, 
ORF1b:L860F, 0,0,0,0.0172413793103, 0.118181818182, 0.0151515151515, 0,0.02, 0,0,0,19, 
S:V70-, 0.795302013423, 0.82119205298, 0.740740740741, 0.646551724138, 0.772727272727, 0.515151515152, 0.25, 0.253333333333, 0.0428571428571, 0,0,676, 
ORF1b:Q1441H, 0.0134228187919, 0.12582781457, 0.148148148148, 0.241379310345, 0.00909090909091, 0.030303030303, 0.0125, 0.00666666666667, 0,0,0,68, 
S:P681R, 0.0335570469799, 0.12582781457, 0.185185185185, 0.258620689655, 0.0272727272727, 0.19696969697, 0.55, 0.66, 0.942857142857, 0.953488372093, 1.0, 349, 
S:P681H, 0.91610738255, 0.807947019868, 0.716049382716, 0.698275862069, 0.890909090909, 0.575757575758, 0.3625, 0.253333333333, 0.0428571428571, 0.0232558139535, 0,741, 
N:D63G, 0.0335570469799, 0.12582781457, 0.185185185185, 0.26724137931, 0.0272727272727, 0.19696969697, 0.5375, 0.653333333333, 0.928571428571, 0.906976744186, 1.0, 345, 
ORF1a:I4308T, 0,0,0,0,0,0,0.0125, 0.0333333333333, 0.2, 0.372093023256, 0,36, 
ORF1a:A1306S, 0.00335570469799, 0,0.0123456790123, 0.00862068965517, 0.00909090909091, 0.0454545454545, 0.075, 0.16, 0.514285714286, 0.511627906977, 0.555555555556, 100, 
M:I82T, 0.0503355704698, 0.145695364238, 0.246913580247, 0.258620689655, 0.0272727272727, 0.212121212121, 0.55, 0.7, 0.942857142857, 0.93023255814, 1.0, 368, 
ORF1b:T1404M, 0.00335570469799, 0,0,0.0172413793103, 0.118181818182, 0.0151515151515, 0,0.02, 0,0,0,20, 
ORF9b:T60A, 0.0335570469799, 0.12582781457, 0.185185185185, 0.258620689655, 0.0272727272727, 0.19696969697, 0.5375, 0.653333333333, 0.928571428571, 0.906976744186, 1.0, 344, 
N:S235F, 0.919463087248, 0.814569536424, 0.703703703704, 0.689655172414, 0.9, 0.575757575758, 0.3875, 0.253333333333, 0.0428571428571, 0.0232558139535, 0,744, 
N:G215C, 0.00335570469799, 0,0.0123456790123, 0.00862068965517, 0.00909090909091, 0.0454545454545, 0.075, 0.173333333333, 0.5, 0.441860465116, 0.555555555556, 98, 
ORF1a:K261N, 0,0,0.0123456790123, 0.00862068965517, 0.00909090909091, 0.0454545454545, 0.0375, 0.0333333333333, 0.114285714286, 0.046511627907, 0.222222222222, 26, 
ORF7b:T40I, 0.00335570469799, 0,0.0123456790123, 0.00862068965517, 0.00909090909091, 0.0454545454545, 0.075, 0.166666666667, 0.528571428571, 0.511627906977, 0.555555555556, 102, 
S:F157-, 0.0302013422819, 0.132450331126, 0.172839506173, 0.241379310345, 0.0181818181818, 0.136363636364, 0.4375, 0.48, 0.271428571429, 0.0232558139535, 0,209, 
ORF1a:R3542C, 0,0,0.0617283950617, 0.206896551724, 0,0.030303030303, 0.0125, 0.00666666666667, 0,0,0,33, 
N:D3L, 0.91610738255, 0.814569536424, 0.703703703704, 0.689655172414, 0.9, 0.575757575758, 0.35, 0.253333333333, 0.0428571428571, 0.0232558139535, 0,740, 
S:T95I, 0.0134228187919, 0.00662251655629, 0.0617283950617, 0.0603448275862, 0.0181818181818, 0.030303030303, 0.075, 0.0866666666667, 0.442857142857, 0.488372093023, 0.555555555556, 97, 
ORF1a:P309L, 0.0134228187919, 0.12582781457, 0.148148148148, 0.241379310345, 0.0181818181818, 0.030303030303, 0.05, 0.00666666666667, 0.0142857142857, 0,0,73, 
ORF8:F120-, 0.0335570469799, 0.12582781457, 0.185185185185, 0.258620689655, 0.0181818181818, 0.136363636364, 0.4375, 0.533333333333, 0.514285714286, 0.395348837209, 0.222222222222, 255, 
ORF1a:P2046L, 0.00335570469799, 0,0.0123456790123, 0.00862068965517, 0.00909090909091, 0.0454545454545, 0.075, 0.16, 0.542857142857, 0.511627906977, 0.555555555556, 102, 
S:A570D, 0.91610738255, 0.807947019868, 0.703703703704, 0.698275862069, 0.890909090909, 0.590909090909, 0.3625, 0.246666666667, 0.0428571428571, 0.0232558139535, 0,740, 
ORF1a:R287M, 0.010067114094, 0.0264900662252, 0,0.00862068965517, 0.1, 0,0.025, 0.0466666666667, 0,0,0,28, 
ORF1a:P1640L, 0.0302013422819, 0.12582781457, 0.172839506173, 0.25, 0.00909090909091, 0.151515151515, 0.4625, 0.493333333333, 0.328571428571, 0.325581395349, 0.222222222222, 232, 
ORF1a:V2930L, 0.00335570469799, 0,0,0.00862068965517, 0.00909090909091, 0.0454545454545, 0.075, 0.146666666667, 0.457142857143, 0.372093023256, 0.333333333333, 85, 
ORF1a:T1001I, 0.912751677852, 0.807947019868, 0.703703703704, 0.698275862069, 0.881818181818, 0.575757575758, 0.35, 0.246666666667, 0.0428571428571, 0.046511627907, 0,737, 
ORF1a:G3676-, 0.614093959732, 0.748344370861, 0.728395061728, 0.637931034483, 0.772727272727, 0.5, 0.2625, 0.22, 0.0285714285714, 0.0232558139535, 0,604, 
ORF3a:S26L, 0.0302013422819, 0.12582781457, 0.185185185185, 0.25, 0.0181818181818, 0.19696969697, 0.5375, 0.653333333333, 0.942857142857, 0.953488372093, 1.0, 344, 
N:R203K, 0.93288590604, 0.841059602649, 0.79012345679, 0.706896551724, 0.909090909091, 0.666666666667, 0.4, 0.28, 0.0428571428571, 0.046511627907, 0,774, 
N:R203M, 0.0335570469799, 0.12582781457, 0.185185185185, 0.26724137931, 0.0272727272727, 0.19696969697, 0.525, 0.66, 0.942857142857, 0.906976744186, 1.0, 346, 
N:D377Y, 0.0335570469799, 0.12582781457, 0.185185185185, 0.275862068966, 0.0363636363636, 0.19696969697, 0.5375, 0.66, 0.928571428571, 0.906976744186, 1.0, 348, 
ORF14:G50N, 0.93288590604, 0.834437086093, 0.79012345679, 0.706896551724, 0.909090909091, 0.666666666667, 0.4, 0.28, 0.0428571428571, 0.046511627907, 0,773, 
ORF8:D119-, 0.0335570469799, 0.12582781457, 0.185185185185, 0.258620689655, 0.0181818181818, 0.136363636364, 0.4375, 0.533333333333, 0.514285714286, 0.395348837209, 0.222222222222, 255, 
ORF1a:S3675-, 0.614093959732, 0.748344370861, 0.728395061728, 0.637931034483, 0.772727272727, 0.5, 0.2625, 0.22, 0.0285714285714, 0.0232558139535, 0,604, 
ORF8:R52I, 0.906040268456, 0.807947019868, 0.716049382716, 0.646551724138, 0.9, 0.575757575758, 0.3, 0.233333333333, 0.0428571428571, 0.0232558139535, 0,725, 
S:S982A, 0.919463087248, 0.807947019868, 0.703703703704, 0.698275862069, 0.890909090909, 0.590909090909, 0.3625, 0.246666666667, 0.0428571428571, 0.046511627907, 0,742, 
ORF1b:T1540I, 0.00671140939597, 0.0264900662252, 0.0123456790123, 0,0,0,0,0.0133333333333, 0.0428571428571, 0.139534883721, 0.111111111111, 19, 
ORF1a:P2287S, 0.0268456375839, 0.0132450331126, 0.0617283950617, 0.00862068965517, 0.00909090909091, 0.0606060606061, 0.075, 0.186666666667, 0.528571428571, 0.511627906977, 0.555555555556, 119, 
other, 4.26510067114, 3.7880794702, 4.92592592593, 2.83620689655, 3.79090909091, 4.36363636364, 3.4875, 3.06666666667, 1.98571428571, 1.3488372093, 2.77777777778, 