,31-2021_330,32-2021_313,33-2021_248,34-2021_259,35-2021_403,36-2021_493,37-2021_442,38-2021_229,39-2021_233,40-2021_144,41-2021_13,pocet
ORF7a:T120I, 0.984848484848, 0.97124600639, 0.975806451613, 0.988416988417, 0.992555831266, 0.993914807302, 0.995475113122, 0.991266375546, 0.995708154506, 0.993055555556, 1.0, 3072, 
ORF1a:T3646A, 0.563636363636, 0.651757188498, 0.737903225806, 0.745173745174, 0.818858560794, 0.847870182556, 0.846153846154, 0.829694323144, 0.841201716738, 0.875, 1.0, 2413, 
ORF1a:A2529V, 0.130303030303, 0.127795527157, 0.112903225806, 0.100386100386, 0.198511166253, 0.233265720081, 0.255656108597, 0.240174672489, 0.150214592275, 0.125, 0.153846153846, 555, 
S:T95I, 0.224242424242, 0.277955271565, 0.286290322581, 0.293436293436, 0.384615384615, 0.41784989858, 0.400452488688, 0.38864628821, 0.356223175966, 0.340277777778, 0.538461538462, 1074, 
ORF7a:P45L, 0.109090909091, 0.137380191693, 0.165322580645, 0.100386100386, 0.12158808933, 0.144016227181, 0.12443438914, 0.113537117904, 0.1330472103, 0.159722222222, 0,401, 
ORF14:G50W, 0.984848484848, 0.987220447284, 0.991935483871, 0.992277992278, 0.997518610422, 1.0, 1.0, 1.0, 1.0, 1.0, 1.0, 3093, 
S:G142D, 0.878787878788, 0.88178913738, 0.911290322581, 0.880308880309, 0.913151364764, 0.93509127789, 0.911764705882, 0.882096069869, 0.8669527897, 0.965277777778, 0.923076923077, 2807, 
ORF1a:V3718A, 0.372727272727, 0.316293929712, 0.25, 0.247104247104, 0.161290322581, 0.137931034483, 0.135746606335, 0.0873362445415, 0.103004291845, 0.0208333333333, 0,588, 
S:D979E, 0.266666666667, 0.191693290735, 0.173387096774, 0.158301158301, 0.0942928039702, 0.0669371196755, 0.0565610859729, 0.0393013100437, 0.0472103004292, 0,0,348, 
ORF1b:P1000L, 0.960606060606, 0.990415335463, 1.0, 0.996138996139, 0.995037220844, 0.997971602434, 1.0, 1.0, 1.0, 1.0, 1.0, 3087, 
N:Q9L, 0.0636363636364, 0.0990415335463, 0.153225806452, 0.15444015444, 0.14888337469, 0.160243407708, 0.169683257919, 0.17903930131, 0.19313304721, 0.208333333333, 0.153846153846, 462, 
S:L452R, 0.981818181818, 0.990415335463, 0.995967741935, 1.0, 0.990074441687, 0.995943204868, 0.993212669683, 1.0, 1.0, 1.0, 1.0, 3088, 
ORF7b:T40I, 0.557575757576, 0.645367412141, 0.70564516129, 0.737451737452, 0.828784119107, 0.849898580122, 0.852941176471, 0.864628820961, 0.8669527897, 0.965277777778, 1.0, 2434, 
S:T19R, 0.984848484848, 0.984025559105, 0.995967741935, 0.996138996139, 0.982630272953, 0.991886409736, 0.990950226244, 1.0, 1.0, 1.0, 1.0, 3080, 
ORF1a:T3255I, 0.557575757576, 0.658146964856, 0.741935483871, 0.752895752896, 0.816377171216, 0.843813387424, 0.85520361991, 0.873362445415, 0.87982832618, 0.944444444444, 1.0, 2446, 
S:T478K, 0.978787878788, 0.984025559105, 0.995967741935, 0.996138996139, 0.990074441687, 0.995943204868, 0.993212669683, 1.0, 1.0, 1.0, 1.0, 3084, 
S:D253A, 0.269696969697, 0.191693290735, 0.173387096774, 0.158301158301, 0.0918114143921, 0.0649087221095, 0.0565610859729, 0.0305676855895, 0.0472103004292, 0,0,345, 
ORF1a:E1205D, 0.181818181818, 0.143769968051, 0.108870967742, 0.127413127413, 0.0496277915633, 0.0649087221095, 0.0542986425339, 0.0305676855895, 0.0472103004292, 0,0,259, 
ORF1a:A3209V, 0.393939393939, 0.32268370607, 0.258064516129, 0.247104247104, 0.166253101737, 0.144016227181, 0.135746606335, 0.100436681223, 0.111587982833, 0.0347222222222, 0,611, 
ORF1b:P314L, 0.972727272727, 0.961661341853, 0.983870967742, 0.996138996139, 0.965260545906, 0.971602434077, 0.952488687783, 0.995633187773, 0.982832618026, 1.0, 1.0, 3027, 
ORF1b:G662S, 0.960606060606, 0.984025559105, 1.0, 0.996138996139, 0.997518610422, 0.997971602434, 1.0, 1.0, 1.0, 1.0, 1.0, 3086, 
ORF1b:A1918V, 0.557575757576, 0.658146964856, 0.741935483871, 0.749034749035, 0.828784119107, 0.847870182556, 0.857466063348, 0.877729257642, 0.871244635193, 0.9375, 1.0, 2451, 
ORF7a:V82A, 0.984848484848, 0.968051118211, 0.959677419355, 0.980694980695, 0.990074441687, 0.973630831643, 0.988687782805, 0.991266375546, 0.995708154506, 0.979166666667, 1.0, 3049, 
S:D614G, 0.99696969697, 0.996805111821, 0.995967741935, 1.0, 0.992555831266, 0.997971602434, 0.990950226244, 1.0, 1.0, 1.0, 1.0, 3096, 
S:A222V, 0.390909090909, 0.316293929712, 0.237903225806, 0.239382239382, 0.173697270471, 0.137931034483, 0.128959276018, 0.100436681223, 0.111587982833, 0.0277777777778, 0,597, 
ORF1a:T2648I, 0.275757575758, 0.194888178914, 0.177419354839, 0.173745173745, 0.0992555831266, 0.0709939148073, 0.0565610859729, 0.0305676855895, 0.0472103004292, 0,0,359, 
ORF1a:P1010L, 0.272727272727, 0.198083067093, 0.177419354839, 0.158301158301, 0.0992555831266, 0.0669371196755, 0.0565610859729, 0.0393013100437, 0.0472103004292, 0,0,355, 
S:E156G, 0.584848484848, 0.543130990415, 0.701612903226, 0.637065637066, 0.913151364764, 0.965517241379, 0.929864253394, 0.965065502183, 0.931330472103, 1.0, 1.0, 2552, 
S:D950N, 0.975757575758, 0.961661341853, 0.971774193548, 0.988416988417, 0.965260545906, 0.98985801217, 0.968325791855, 0.973799126638, 0.969957081545, 1.0, 1.0, 3031, 
S:P681R, 0.975757575758, 0.980830670927, 0.987903225806, 0.992277992278, 0.990074441687, 0.997971602434, 0.990950226244, 1.0, 1.0, 1.0, 1.0, 3079, 
N:D63G, 0.984848484848, 0.987220447284, 1.0, 0.996138996139, 0.997518610422, 1.0, 1.0, 0.991266375546, 0.995708154506, 1.0, 1.0, 3093, 
ORF1a:A1306S, 0.557575757576, 0.651757188498, 0.741935483871, 0.749034749035, 0.816377171216, 0.847870182556, 0.848416289593, 0.868995633188, 0.871244635193, 0.916666666667, 1.0, 2435, 
M:I82T, 0.984848484848, 0.990415335463, 1.0, 0.996138996139, 0.997518610422, 0.997971602434, 1.0, 1.0, 1.0, 1.0, 1.0, 3096, 
ORF9b:T60A, 0.984848484848, 0.987220447284, 1.0, 0.996138996139, 0.997518610422, 1.0, 1.0, 0.991266375546, 0.995708154506, 1.0, 1.0, 3093, 
N:G215C, 0.548484848485, 0.651757188498, 0.721774193548, 0.741312741313, 0.808933002481, 0.84584178499, 0.852941176471, 0.864628820961, 0.871244635193, 0.923611111111, 1.0, 2423, 
ORF1a:K261N, 0.133333333333, 0.166134185304, 0.209677419355, 0.135135135135, 0.178660049628, 0.172413793103, 0.162895927602, 0.152838427948, 0.175965665236, 0.222222222222, 0.0769230769231, 521, 
S:F157-, 0.584848484848, 0.543130990415, 0.701612903226, 0.637065637066, 0.913151364764, 0.965517241379, 0.929864253394, 0.965065502183, 0.931330472103, 1.0, 1.0, 2552, 
ORF8:F120-, 0.660606060606, 0.58785942492, 0.70564516129, 0.660231660232, 0.935483870968, 0.981744421907, 0.995475113122, 1.0, 0.991416309013, 1.0, 1.0, 2666, 
S:R158-, 0.584848484848, 0.543130990415, 0.701612903226, 0.637065637066, 0.913151364764, 0.965517241379, 0.929864253394, 0.965065502183, 0.931330472103, 1.0, 1.0, 2552, 
ORF1a:P2046L, 0.557575757576, 0.651757188498, 0.741935483871, 0.749034749035, 0.81141439206, 0.841784989858, 0.852941176471, 0.873362445415, 0.875536480687, 0.958333333333, 1.0, 2440, 
ORF1b:L829I, 0.0636363636364, 0.0990415335463, 0.161290322581, 0.15444015444, 0.151364764268, 0.168356997972, 0.169683257919, 0.17903930131, 0.223175965665, 0.25, 0.153846153846, 482, 
ORF1a:T3750I, 0.387878787879, 0.316293929712, 0.241935483871, 0.247104247104, 0.163771712159, 0.137931034483, 0.128959276018, 0.0829694323144, 0.0901287553648, 0.0277777777778, 0,586, 
ORF1a:P1640L, 0.40303030303, 0.300319488818, 0.245967741935, 0.243243243243, 0.163771712159, 0.129817444219, 0.131221719457, 0.0786026200873, 0.0772532188841, 0.0138888888889, 0,577, 
ORF9b:S6C, 0.0636363636364, 0.0990415335463, 0.149193548387, 0.15444015444, 0.14888337469, 0.160243407708, 0.169683257919, 0.17903930131, 0.19313304721, 0.208333333333, 0.153846153846, 461, 
ORF1a:V2930L, 0.506060606061, 0.597444089457, 0.725806451613, 0.714285714286, 0.789081885856, 0.825557809331, 0.814479638009, 0.646288209607, 0.635193133047, 0.652777777778, 0.692307692308, 2203, 
ORF3a:S26L, 0.984848484848, 0.987220447284, 1.0, 0.996138996139, 0.995037220844, 0.98985801217, 1.0, 0.991266375546, 0.995708154506, 1.0, 1.0, 3087, 
N:R203M, 0.984848484848, 0.987220447284, 0.991935483871, 0.992277992278, 0.997518610422, 1.0, 1.0, 1.0, 1.0, 1.0, 1.0, 3093, 
N:D377Y, 0.984848484848, 0.987220447284, 1.0, 0.996138996139, 0.997518610422, 1.0, 1.0, 1.0, 1.0, 1.0, 1.0, 3096, 
ORF8:D119-, 0.660606060606, 0.58785942492, 0.70564516129, 0.660231660232, 0.935483870968, 0.983772819473, 0.995475113122, 1.0, 0.991416309013, 1.0, 1.0, 2667, 
ORF1a:P2287S, 0.557575757576, 0.651757188498, 0.745967741935, 0.741312741313, 0.813895781638, 0.847870182556, 0.850678733032, 0.868995633188, 0.871244635193, 0.916666666667, 0.846153846154, 2432, 
other, 3.92121212121, 4.02236421725, 3.49193548387, 3.32046332046, 4.07692307692, 3.5415821501, 3.92533936652, 3.68558951965, 3.54077253219, 3.27083333333, 3.69230769231, 
