,23-2021_138,24-2021_66,25-2021_106,26-2021_189,27-2021_237,28-2021_244,29-2021_133,30-2021_142,31-2021_212,32-2021_99,33-2021_12,pocet
ORF7a:T120I, 0.0289855072464, 0.166666666667, 0.594339622642, 0.746031746032, 0.966244725738, 0.975409836066, 0.954887218045, 0.978873239437, 0.981132075472, 1.0, 1.0, 1271, 
ORF9b:R32H, 0,0.0151515151515, 0.0754716981132, 0.0740740740741, 0.118143459916, 0.168032786885, 0.0375939849624, 0.056338028169, 0.0141509433962, 0.020202020202, 0,110, 
ORF8:Q27*, 0.95652173913, 0.69696969697, 0.349056603774, 0.227513227513, 0.0295358649789, 0.0122950819672, 0.015037593985, 0,0.00943396226415, 0,0,272, 
ORF1a:F3677-, 0.847826086957, 0.636363636364, 0.254716981132, 0.201058201058, 0.0126582278481, 0.0122950819672, 0.015037593985, 0.00704225352113, 0.00943396226415, 0,0,235, 
S:N501Y, 0.963768115942, 0.757575757576, 0.396226415094, 0.243386243386, 0.0337552742616, 0.0286885245902, 0.0451127819549, 0.0211267605634, 0.0377358490566, 0.030303030303, 0,306, 
ORF1a:A2529V, 0,0,0.0188679245283, 0.021164021164, 0.042194092827, 0.0491803278689, 0.0451127819549, 0.0704225352113, 0.13679245283, 0.151515151515, 0.0833333333333, 89, 
S:T95I, 0.0144927536232, 0,0.0566037735849, 0.0634920634921, 0.139240506329, 0.176229508197, 0.165413533835, 0.218309859155, 0.240566037736, 0.383838383838, 0.5, 244, 
ORF8:E92K, 0.00724637681159, 0.0454545454545, 0.122641509434, 0.0687830687831, 0.0970464135021, 0.118852459016, 0.0601503759398, 0.0211267605634, 0.0141509433962, 0.10101010101, 0,106, 
ORF14:G50W, 0.0289855072464, 0.19696969697, 0.594339622642, 0.730158730159, 0.957805907173, 0.975409836066, 0.962406015038, 0.985915492958, 0.981132075472, 1.0, 1.0, 1270, 
S:G142D, 0.0289855072464, 0.19696969697, 0.584905660377, 0.698412698413, 0.928270042194, 0.918032786885, 0.887218045113, 0.866197183099, 0.910377358491, 0.89898989899, 0.916666666667, 1189, 
ORF1a:V3718A, 0.0144927536232, 0.151515151515, 0.5, 0.582010582011, 0.658227848101, 0.635245901639, 0.451127819549, 0.492957746479, 0.349056603774, 0.313131313131, 0.25, 724, 
S:D979E, 0,0.106060606061, 0.452830188679, 0.550264550265, 0.594936708861, 0.569672131148, 0.315789473684, 0.429577464789, 0.240566037736, 0.20202020202, 0.333333333333, 617, 
ORF1b:P1000L, 0.0289855072464, 0.19696969697, 0.61320754717, 0.73544973545, 0.962025316456, 0.979508196721, 0.962406015038, 0.985915492958, 0.943396226415, 1.0, 1.0, 1267, 
ORF1b:A167T, 0,0,0,0,0,0,0.00751879699248, 0.0140845070423, 0.0283018867925, 0.030303030303, 0.25, 15, 
S:L452R, 0.0289855072464, 0.212121212121, 0.622641509434, 0.756613756614, 0.966244725738, 0.979508196721, 0.96992481203, 0.992957746479, 0.97641509434, 1.0, 1.0, 1283, 
S:T19R, 0.0289855072464, 0.19696969697, 0.603773584906, 0.730158730159, 0.957805907173, 0.97131147541, 0.962406015038, 0.985915492958, 0.981132075472, 1.0, 1.0, 1270, 
ORF1a:T3255I, 0.0144927536232, 0.0454545454545, 0.103773584906, 0.153439153439, 0.31223628692, 0.33606557377, 0.511278195489, 0.478873239437, 0.547169811321, 0.656565656566, 0.666666666667, 526, 
S:T478K, 0.0289855072464, 0.19696969697, 0.622641509434, 0.73544973545, 0.966244725738, 0.979508196721, 0.96992481203, 0.992957746479, 0.97641509434, 1.0, 1.0, 1278, 
S:D253A, 0,0.106060606061, 0.443396226415, 0.550264550265, 0.599156118143, 0.565573770492, 0.308270676692, 0.422535211268, 0.245283018868, 0.20202020202, 0.333333333333, 615, 
S:S982A, 0.949275362319, 0.727272727273, 0.358490566038, 0.216931216931, 0.0253164556962, 0.016393442623, 0.0225563909774, 0,0.00943396226415, 0,0,273, 
ORF1a:E1205D, 0,0,0,0.021164021164, 0.0970464135021, 0.180327868852, 0.195488721805, 0.239436619718, 0.179245283019, 0.151515151515, 0.25, 187, 
ORF1a:A3209V, 0.0144927536232, 0.151515151515, 0.5, 0.587301587302, 0.649789029536, 0.631147540984, 0.458646616541, 0.5, 0.382075471698, 0.323232323232, 0.333333333333, 733, 
ORF1b:P314L, 1.0, 1.0, 1.0, 1.0, 0.995780590717, 0.995901639344, 1.0, 1.0, 0.971698113208, 1.0, 1.0, 1570, 
ORF8:Y73C, 0.95652173913, 0.681818181818, 0.301886792453, 0.216931216931, 0.0210970464135, 0.00819672131148, 0.015037593985, 0,0.00943396226415, 0,0,261, 
ORF9b:P3L, 0,0,0,0,0,0.00409836065574, 0.00751879699248, 0.0352112676056, 0.0801886792453, 0.111111111111, 0,35, 
S:D950N, 0.0289855072464, 0.19696969697, 0.603773584906, 0.724867724868, 0.966244725738, 0.983606557377, 0.954887218045, 0.922535211268, 0.971698113208, 1.0, 1.0, 1262, 
ORF1b:A1918V, 0.00724637681159, 0.0454545454545, 0.103773584906, 0.153439153439, 0.31223628692, 0.33606557377, 0.518796992481, 0.457746478873, 0.547169811321, 0.656565656566, 0.666666666667, 523, 
S:Y144-, 0.847826086957, 0.681818181818, 0.254716981132, 0.232804232804, 0.0168776371308, 0.0122950819672, 0.015037593985, 0.00704225352113, 0.00943396226415, 0,0,245, 
ORF1a:A1708D, 0.942028985507, 0.712121212121, 0.358490566038, 0.222222222222, 0.0253164556962, 0.0122950819672, 0.0225563909774, 0,0.00943396226415, 0,0,271, 
ORF7a:V82A, 0.0217391304348, 0.166666666667, 0.594339622642, 0.746031746032, 0.966244725738, 0.979508196721, 0.954887218045, 0.971830985915, 0.981132075472, 1.0, 1.0, 1270, 
S:V70-, 0.847826086957, 0.651515151515, 0.245283018868, 0.216931216931, 0.0168776371308, 0.00819672131148, 0.0225563909774, 0,0.00943396226415, 0,0,238, 
S:D614G, 0.992753623188, 1.0, 1.0, 1.0, 1.0, 1.0, 1.0, 1.0, 0.995283018868, 1.0, 1.0, 1576, 
ORF1a:I2230T, 0.942028985507, 0.712121212121, 0.358490566038, 0.216931216931, 0.0253164556962, 0.0122950819672, 0.0225563909774, 0,0.00943396226415, 0,0,270, 
ORF1a:T1001I, 0.942028985507, 0.712121212121, 0.358490566038, 0.222222222222, 0.0253164556962, 0.016393442623, 0.0225563909774, 0.00704225352113, 0.00943396226415, 0,0,273, 
S:A222V, 0.00724637681159, 0.121212121212, 0.462264150943, 0.566137566138, 0.632911392405, 0.631147540984, 0.428571428571, 0.485915492958, 0.377358490566, 0.333333333333, 0.333333333333, 712, 
ORF1a:T2648I, 0,0.106060606061, 0.443396226415, 0.555555555556, 0.603375527426, 0.561475409836, 0.308270676692, 0.429577464789, 0.254716981132, 0.20202020202, 0.333333333333, 619, 
ORF14:E51Q, 0.876811594203, 0.651515151515, 0.349056603774, 0.21164021164, 0.0168776371308, 0.0122950819672, 0.0225563909774, 0,0.00471698113208, 0,0,252, 
N:G204R, 0.0869565217391, 0.151515151515, 0.0471698113208, 0.031746031746, 0.0084388185654, 0.00409836065574, 0,0.00704225352113, 0.00471698113208, 0,0,38, 
N:G204P, 0.876811594203, 0.651515151515, 0.349056603774, 0.21164021164, 0.0168776371308, 0.0122950819672, 0.0225563909774, 0,0.00471698113208, 0,0,252, 
ORF1a:P1010L, 0,0.106060606061, 0.452830188679, 0.550264550265, 0.607594936709, 0.565573770492, 0.308270676692, 0.429577464789, 0.25, 0.212121212121, 0.333333333333, 621, 
S:D1118H, 0.949275362319, 0.727272727273, 0.367924528302, 0.216931216931, 0.0295358649789, 0.0122950819672, 0.0225563909774, 0,0.00943396226415, 0,0,274, 
ORF1a:Y118H, 0,0,0,0,0,0,0,0,0.0283018867925, 0.030303030303, 0.25, 12, 
ORF1b:M454I, 0,0,0,0,0,0.00409836065574, 0,0.0352112676056, 0.0801886792453, 0.111111111111, 0,34, 
S:E156-, 0.0217391304348, 0.136363636364, 0.405660377358, 0.555555555556, 0.675105485232, 0.577868852459, 0.511278195489, 0.514084507042, 0.533018867925, 0.0707070707071, 0,722, 
ORF1a:T3646A, 0.0144927536232, 0.0454545454545, 0.103773584906, 0.153439153439, 0.308016877637, 0.327868852459, 0.503759398496, 0.457746478873, 0.556603773585, 0.646464646465, 0.666666666667, 520, 
ORF1b:L860F, 0.108695652174, 0.0151515151515, 0,0.015873015873, 0,0.00409836065574, 0,0,0,0,0,20, 
S:H69-, 0.847826086957, 0.651515151515, 0.245283018868, 0.216931216931, 0.0168776371308, 0.00819672131148, 0.0225563909774, 0,0.00943396226415, 0,0,238, 
ORF1b:R188Q, 0,0,0,0.010582010582, 0.0126582278481, 0.0573770491803, 0.105263157895, 0.056338028169, 0.0896226415094, 0.0909090909091, 0,69, 
S:T716I, 0.942028985507, 0.69696969697, 0.358490566038, 0.216931216931, 0.0253164556962, 0.0122950819672, 0.0225563909774, 0,0.00943396226415, 0,0,269, 
ORF1b:E1242D, 0,0,0,0,0,0.00409836065574, 0.00751879699248, 0.0352112676056, 0.0801886792453, 0.111111111111, 0,35, 
S:P681R, 0.0289855072464, 0.19696969697, 0.61320754717, 0.730158730159, 0.966244725738, 0.983606557377, 0.96992481203, 0.985915492958, 0.971698113208, 1.0, 1.0, 1275, 
S:P681H, 0.949275362319, 0.712121212121, 0.358490566038, 0.222222222222, 0.0253164556962, 0.0122950819672, 0.0225563909774, 0.00704225352113, 0.00943396226415, 0,0,273, 
N:D63G, 0.0289855072464, 0.19696969697, 0.603773584906, 0.724867724868, 0.962025316456, 0.975409836066, 0.962406015038, 0.985915492958, 0.981132075472, 1.0, 1.0, 1271, 
ORF1a:A1306S, 0.0144927536232, 0.0454545454545, 0.103773584906, 0.153439153439, 0.308016877637, 0.33606557377, 0.488721804511, 0.464788732394, 0.547169811321, 0.656565656566, 0.666666666667, 520, 
M:I82T, 0.0289855072464, 0.212121212121, 0.61320754717, 0.767195767196, 0.970464135021, 0.979508196721, 0.96992481203, 0.985915492958, 0.981132075472, 1.0, 1.0, 1285, 
ORF1b:T1404M, 0.108695652174, 0.0151515151515, 0,0.015873015873, 0,0,0,0,0.00471698113208, 0,0,20, 
ORF9b:T60A, 0.0289855072464, 0.19696969697, 0.603773584906, 0.724867724868, 0.962025316456, 0.975409836066, 0.954887218045, 0.985915492958, 0.981132075472, 1.0, 1.0, 1270, 
N:S235F, 0.95652173913, 0.712121212121, 0.38679245283, 0.227513227513, 0.0295358649789, 0.0122950819672, 0.0225563909774, 0,0.00943396226415, 0,0,278, 
N:G215C, 0.0144927536232, 0.0454545454545, 0.103773584906, 0.164021164021, 0.303797468354, 0.323770491803, 0.466165413534, 0.450704225352, 0.533018867925, 0.636363636364, 0.666666666667, 508, 
ORF7b:T40I, 0.0144927536232, 0.0454545454545, 0.103773584906, 0.153439153439, 0.31223628692, 0.340163934426, 0.451127819549, 0.457746478873, 0.547169811321, 0.656565656566, 0.666666666667, 516, 
S:F157-, 0.0217391304348, 0.136363636364, 0.405660377358, 0.555555555556, 0.675105485232, 0.577868852459, 0.511278195489, 0.514084507042, 0.533018867925, 0.0707070707071, 0,722, 
ORF1b:G662S, 0.0289855072464, 0.19696969697, 0.603773584906, 0.73544973545, 0.962025316456, 0.979508196721, 0.96992481203, 0.985915492958, 0.943396226415, 1.0, 1.0, 1267, 
N:D3L, 0.949275362319, 0.712121212121, 0.339622641509, 0.222222222222, 0.0253164556962, 0.0122950819672, 0.015037593985, 0,0.00943396226415, 0,0,269, 
S:R158G, 0.0217391304348, 0.136363636364, 0.396226415094, 0.555555555556, 0.675105485232, 0.577868852459, 0.511278195489, 0.514084507042, 0.533018867925, 0.0707070707071, 0,721, 
ORF1b:L829I, 0,0,0,0.031746031746, 0.0590717299578, 0.0573770491803, 0.12030075188, 0.0492957746479, 0.0566037735849, 0.0707070707071, 0.0833333333333, 77, 
ORF1a:R287M, 0.108695652174, 0.030303030303, 0.0188679245283, 0.037037037037, 0,0,0,0,0,0,0,26, 
ORF1a:T3750I, 0.00724637681159, 0.121212121212, 0.462264150943, 0.571428571429, 0.64135021097, 0.618852459016, 0.428571428571, 0.485915492958, 0.372641509434, 0.313131313131, 0.333333333333, 709, 
ORF8:F120-, 0.0217391304348, 0.136363636364, 0.396226415094, 0.597883597884, 0.759493670886, 0.700819672131, 0.609022556391, 0.619718309859, 0.599056603774, 0.232323232323, 0.0833333333333, 838, 
ORF1a:P2046L, 0.0144927536232, 0.0454545454545, 0.103773584906, 0.153439153439, 0.316455696203, 0.331967213115, 0.511278195489, 0.471830985915, 0.547169811321, 0.656565656566, 0.666666666667, 525, 
S:A570D, 0.949275362319, 0.727272727273, 0.358490566038, 0.216931216931, 0.0253164556962, 0.0122950819672, 0.0225563909774, 0,0.00943396226415, 0,0,272, 
ORF1a:P1640L, 0.00724637681159, 0.151515151515, 0.5, 0.57671957672, 0.645569620253, 0.622950819672, 0.436090225564, 0.507042253521, 0.405660377358, 0.252525252525, 0.25, 722, 
ORF1a:P2287S, 0.0144927536232, 0.0606060606061, 0.103773584906, 0.174603174603, 0.308016877637, 0.33606557377, 0.511278195489, 0.464788732394, 0.547169811321, 0.656565656566, 0.666666666667, 528, 
ORF1a:V2930L, 0.0144927536232, 0.0454545454545, 0.103773584906, 0.142857142857, 0.261603375527, 0.295081967213, 0.451127819549, 0.422535211268, 0.471698113208, 0.505050505051, 0.666666666667, 455, 
ORF1a:G3676-, 0.847826086957, 0.636363636364, 0.254716981132, 0.201058201058, 0.0126582278481, 0.0122950819672, 0.015037593985, 0.00704225352113, 0.00943396226415, 0,0,235, 
ORF3a:S26L, 0.0217391304348, 0.19696969697, 0.603773584906, 0.724867724868, 0.966244725738, 0.983606557377, 0.96992481203, 0.992957746479, 0.981132075472, 1.0, 1.0, 1275, 
ORF8:K68*, 0.876811594203, 0.621212121212, 0.264150943396, 0.21164021164, 0.0210970464135, 0.00409836065574, 0.015037593985, 0,0.00943396226415, 0,0,240, 
N:R203K, 0.963768115942, 0.80303030303, 0.396226415094, 0.243386243386, 0.0253164556962, 0.016393442623, 0.0225563909774, 0.00704225352113, 0.00943396226415, 0,0,290, 
N:R203M, 0.0289855072464, 0.19696969697, 0.594339622642, 0.730158730159, 0.957805907173, 0.975409836066, 0.962406015038, 0.985915492958, 0.981132075472, 1.0, 1.0, 1270, 
N:D377Y, 0.036231884058, 0.19696969697, 0.603773584906, 0.724867724868, 0.962025316456, 0.975409836066, 0.962406015038, 0.985915492958, 0.981132075472, 1.0, 1.0, 1272, 
ORF14:G50N, 0.963768115942, 0.80303030303, 0.396226415094, 0.243386243386, 0.0253164556962, 0.016393442623, 0.0225563909774, 0.00704225352113, 0.00943396226415, 0,0,290, 
ORF8:D119-, 0.0217391304348, 0.136363636364, 0.396226415094, 0.597883597884, 0.759493670886, 0.700819672131, 0.609022556391, 0.619718309859, 0.599056603774, 0.232323232323, 0.0833333333333, 838, 
ORF1a:S3675-, 0.847826086957, 0.636363636364, 0.254716981132, 0.201058201058, 0.0126582278481, 0.0122950819672, 0.015037593985, 0.00704225352113, 0.00943396226415, 0,0,235, 
ORF8:R52I, 0.95652173913, 0.681818181818, 0.264150943396, 0.206349206349, 0.0210970464135, 0.00819672131148, 0.015037593985, 0,0.0141509433962, 0,0,256, 
ORF1b:T1540I, 0,0,0,0.010582010582, 0.0126582278481, 0.0532786885246, 0.105263157895, 0.056338028169, 0.0943396226415, 0.0909090909091, 0,69, 
other, 3.84782608696, 4.9696969697, 3.48113207547, 2.91005291005, 1.69620253165, 1.70491803279, 2.78195488722, 2.88732394366, 3.6179245283, 2.71717171717, 2.41666666667, 